"TOA5","IFSC","CR1000","51712","CR1000.Std.25","CPU:IFSCmaio2013-V1.CR1","45149","IFSC60"
"TIMESTAMP","RECORD","Temp_ar_Max","Temp_ar_Min","Umid_ar_Max","Umid_ar_Min","Pressao","Precipitacao_Tot","Vel_WVc(1)","Vel_WVc(2)","Vel_WVc(3)","batt_volt_Min"
"TS","RN","","","","","","","","","",""
"","","Max","Min","Max","Min","Smp","Tot","WVc","WVc","WVc","Min"
"2013-05-24 23:00:00",0,19.94,13.68,107.2,98.6,1019.016,0,0.841,52.39,15.78,13.53
"2013-05-25 00:00:00",1,14.02,13,111,106.3,1018.77,0,0.605,42.02,15.63,13.55
"2013-05-25 01:00:00",2,13.28,12.06,116.2,110.7,1018.361,0,0.008,45.9,1.351,13.55
"2013-05-25 02:00:00",3,12.33,11.25,117.1,115.4,1018.406,0,0,0,0,13.56
"2013-05-25 03:00:00",4,11.52,10.84,120.6,116,1018.421,0,0,0,0,13.56
"2013-05-25 04:00:00",5,11.19,10.44,121.2,119.3,1018.18,0,0.155,129.6,10.14,13.56
"2013-05-25 05:00:00",6,10.91,10.16,121.6,116.7,1018.308,0,0.382,164.2,20.06,13.57
"2013-05-25 06:00:00",7,10.71,9.69,117.7,115,1018.959,0,0.029,149.3,0.936,13.57
"2013-05-25 07:00:00",8,10.17,9.69,116.9,114.7,1019.349,0,0.042,158.2,4.462,13.57
"2013-05-25 08:00:00",9,9.97,9.28,119.7,115.5,1020.459,0,0,0,0,13.58
"2013-05-25 09:00:00",10,12.04,9.35,119.7,97.6,1020.952,0,0,0,0,13.57
"2013-05-25 10:00:00",11,14.97,11.9,97.9,74.67,1021.644,0,0.248,227.2,12.9,13.57
"2013-05-25 11:00:00",12,16.56,14.62,77.92,69.94,1021.423,0,0.81,241.7,53.22,13.56
"2013-05-25 12:00:00",13,17.24,15.82,74.58,66.95,1020.677,0,0.943,237,37.47,13.55
"2013-05-25 13:00:00",14,18.03,16.17,75.9,67.47,1020.073,0,0.955,202.6,46.44,13.55
"2013-05-25 14:00:00",15,18.23,16.65,75.26,66.72,1019.679,0,1.851,207.8,46.52,13.56
"2013-05-25 15:00:00",16,17.35,16.39,77.46,70.45,1019.375,0,2.735,209.4,22.22,13.55
"2013-05-25 16:00:00",17,17.07,15.78,72.42,67.53,1019.308,0,2.725,235.8,25.62,13.56
"2013-05-25 17:00:00",18,16.05,15.28,75.1,71.31,1019.106,0,2.136,230.2,26.99,13.57
"2013-05-25 18:00:00",19,15.55,14.82,77.27,72.75,1019.499,0,1.382,151.2,40.59,13.57
"2013-05-25 19:00:00",20,15.24,14.82,77.33,72.11,1019.947,0,1.293,160,30.8,13.57
"2013-05-25 20:00:00",21,15.38,14.97,75.73,72.86,1020.643,0,0.981,227.5,39.44,13.58
"2013-05-25 21:00:00",22,15.38,15.04,78.18,74.37,1021.144,0,0.892,224.5,26,13.59
"2013-05-25 22:00:00",23,15.38,14.84,82,77.9,1021.394,0,0.632,179.9,29.24,13.59
"2013-05-25 23:00:00",24,15.32,14.5,87.3,78.45,1021.645,0,0.533,142.5,13.75,13.59
"2013-05-26 00:00:00",25,14.98,14.09,90,83.8,1021.4,0,0.564,131.6,12.97,13.6
"2013-05-26 01:00:00",26,14.7,14.09,90.2,85.3,1021.27,0,0.527,114.4,11.63,13.6
"2013-05-26 02:00:00",27,14.84,14.36,87.2,83.4,1020.905,0,0.917,144.5,14.09,13.6
"2013-05-26 03:00:00",28,14.84,13.89,94.4,83.4,1020.302,0,1.179,158.3,13.77,13.6
"2013-05-26 04:00:00",29,14.16,12.68,107.9,94.4,1020.41,0,0.655,134.1,24.46,13.59
"2013-05-26 05:00:00",30,13.09,11.66,110.1,106,1019.933,0,0.49,113.3,16.7,13.6
"2013-05-26 06:00:00",31,11.93,11.05,111.9,108.7,1020.231,0,0.226,120.6,13.05,13.6
"2013-05-26 07:00:00",32,11.74,11.06,112.8,110.8,1020.858,0,0.1,120.3,9.99,13.6
"2013-05-26 08:00:00",33,12.14,11.05,113.3,107.6,1021.417,0,0.501,119.4,16.45,13.6
"2013-05-26 09:00:00",34,14.95,11.86,110.4,79.03,1021.601,0,0.221,80.9,13.44,13.61
"2013-05-26 10:00:00",35,16.39,14.67,79.51,69.5,1022,0,0.766,12.26,56.52,13.61
"2013-05-26 11:00:00",36,17.2,15.5,77.51,66.3,1021.373,0,1.106,4.835,35.43,13.6
"2013-05-26 12:00:00",37,17.85,16.58,70.21,64.12,1020.745,0,1.449,358.2,38.22,13.6
"2013-05-26 13:00:00",38,18.85,17.16,71.62,65.37,1019.52,0,1.484,355.3,42.2,13.59
"2013-05-26 14:00:00",39,18.72,17.98,69.79,63.27,1018.418,0,1.632,349,38.19,13.59
"2013-05-26 15:00:00",40,19.23,18.19,65.46,61.27,1018.054,0,2.145,21.06,29.44,13.59
"2013-05-26 16:00:00",41,19.42,17.74,71.55,62.29,1017.693,0,2.212,19.21,29.33,13.59
"2013-05-26 17:00:00",42,18.17,17.09,81.3,71.14,1017.838,0,2.144,18.76,25.75,13.59
"2013-05-26 18:00:00",43,17.43,15.96,94.2,80.8,1017.764,0,1.177,61.56,42.84,13.6
"2013-05-26 19:00:00",44,16.23,14.96,100.6,93.8,1018.122,0,0.831,88.2,19.88,13.59
"2013-05-26 20:00:00",45,15.31,14.63,104.2,100.1,1018.443,0,1.29,93.9,18.55,13.6
"2013-05-26 21:00:00",46,14.83,14.23,109.5,103.3,1018.515,0,0.404,72.99,21.07,13.6
"2013-05-26 22:00:00",47,14.57,13.55,114.1,109.1,1018.264,0,0.785,63.81,22.09,13.61
"2013-05-26 23:00:00",48,13.75,12.32,119.9,113.7,1017.895,0,0.328,86.6,16.87,13.61
"2013-05-27 00:00:00",49,12.6,11.78,123.8,119.3,1018.398,0,0.304,107.7,10.42,13.61
"2013-05-27 01:00:00",50,12.19,11.37,123.6,119.3,1017.652,0,0.677,71.11,23.59,13.61
"2013-05-27 02:00:00",51,11.78,11.37,119.8,117.5,1016.762,0,0.621,66.63,26.73,13.61
"2013-05-27 03:00:00",52,11.85,11.44,119.6,117.6,1016.387,0,0.229,139.6,37.96,13.61
"2013-05-27 04:00:00",53,11.78,11.17,120.9,119.3,1015.886,0,0.131,146.2,34.68,13.61
"2013-05-27 05:00:00",54,11.51,10.76,121.4,118,1015.51,0,0.402,200.5,24.76,13.61
"2013-05-27 06:00:00",55,11.44,10.76,118.3,115.9,1015.385,0,0.21,225.2,17.87,13.61
"2013-05-27 07:00:00",56,11.78,11.17,119.1,115.9,1015.51,0,0.171,0.637,35.74,13.61
"2013-05-27 08:00:00",57,11.78,11.23,118,116.7,1016.261,0,0.658,48.68,27.06,13.61
"2013-05-27 09:00:00",58,12.25,11.37,117.2,115.3,1016.459,0,1.064,42.05,18.51,13.61
"2013-05-27 10:00:00",59,13.87,11.98,115.8,103.8,1016.12,0,0.571,6.213,34.6,13.61
"2013-05-27 11:00:00",60,14.87,13.6,110.8,103.8,1015.63,0,0.827,12.54,41,13.61
"2013-05-27 12:00:00",61,16.57,14.6,107.7,84.1,1014.853,0,1.718,23.16,31.94,13.61
"2013-05-27 13:00:00",62,18.04,16.3,85.2,73.53,1013.377,0,2.744,25.38,24.1,13.62
"2013-05-27 14:00:00",63,18.97,17.82,76.43,70.18,1012.5,0,3.09,26.95,23.43,13.61
"2013-05-27 15:00:00",64,18.97,18.15,80.6,71.67,1011.875,0,2.887,23.12,26.89,13.61
"2013-05-27 16:00:00",65,18.97,17.95,85.6,76.29,1011.568,0,3.186,27.94,21.76,13.61
"2013-05-27 17:00:00",66,18.5,17.23,94.1,83,1011.6,0,2.829,28.51,24.08,13.6
"2013-05-27 18:00:00",67,17.44,16.16,104.9,93.4,1011.649,0,2.131,39.09,22.07,13.6
"2013-05-27 19:00:00",68,16.45,15.91,104.9,100.7,1011.865,0,1.658,50.27,26.3,13.61
"2013-05-27 20:00:00",69,16.46,15.98,102.5,98.8,1012.171,0,1.285,39.53,26.17,13.61
"2013-05-27 21:00:00",70,16.26,15.17,108.7,102.2,1011.684,0,0.729,50.33,26.42,13.61
"2013-05-27 22:00:00",71,15.37,14.56,115.2,108.1,1011.88,0,0.667,48.2,21.98,13.61
"2013-05-27 23:00:00",72,14.77,13.34,118,114.7,1011.504,0,0.613,37.51,22.02,13.61
"2013-05-28 00:00:00",73,13.61,12.32,121,117.7,1011.003,0,0.538,45.32,19.01,13.62
"2013-05-28 01:00:00",74,12.53,10.83,122.2,118.8,1010.807,0,0.249,102.5,31.13,13.61
"2013-05-28 02:00:00",75,11.1,9.34,124.8,121.7,1010.141,0,0.238,131.9,11.71,13.62
"2013-05-28 03:00:00",76,9.69,7.371,124.8,123.6,1009.891,0,0.305,113.4,18.41,13.62
"2013-05-28 04:00:00",77,7.643,6.487,124.3,122.6,1009.42,0,0.334,110.7,33.07,13.62
"2013-05-28 05:00:00",78,6.763,5.67,123.4,121.1,1009.532,0,0.38,113.8,26.03,13.62
"2013-05-28 06:00:00",79,6.216,5.126,125.2,122.1,1008.779,0,0.237,33.44,8.73,13.61
"2013-05-28 07:00:00",80,5.335,4.38,123.8,122.2,1009.306,0,0,0,0,13.62
"2013-05-28 08:00:00",81,4.72,4.174,123.5,122,1010.66,0,0,0,0,13.62
"2013-05-28 09:00:00",82,5.45,4.376,123.6,113.6,1011.132,0,0.226,29.37,9.42,13.62
"2013-05-28 10:00:00",83,7.894,5.246,113.8,105.5,1011.956,0,0.819,26.84,16.83,13.62
"2013-05-28 11:00:00",84,11.27,7.62,106.8,95.8,1011.278,0,0.785,357.2,39.18,13.62
"2013-05-28 12:00:00",85,12.84,11.07,104.9,94.5,1010.004,0,1.498,16.96,26.57,13.62
"2013-05-28 13:00:00",86,14.94,12.56,104.2,84,1008.725,0,1.529,7.012,35.1,13.62
"2013-05-28 14:00:00",87,15.89,14.53,92.2,82.3,1007.096,0,1.643,14.62,29.36,13.62
"2013-05-28 15:00:00",88,16.98,15.75,82.9,74.66,1007.221,0,2.278,29.21,23.56,13.62
"2013-05-28 16:00:00",89,16.84,16.16,88.2,76.42,1006.993,0,2.542,43.99,22.44,13.61
"2013-05-28 17:00:00",90,16.5,15.57,96.7,87.6,1006.233,0,2.119,41.13,27.61,13.61
"2013-05-28 18:00:00",91,16.11,15.23,106,94,1007.629,0,1.603,25.24,42.62,13.61
"2013-05-28 19:00:00",92,15.51,14.9,107.3,102.9,1008.305,0,2.062,27.28,22.09,13.61
"2013-05-28 20:00:00",93,18.3,14.9,103,63.74,1006.86,0,2.069,54.26,29.91,13.62
"2013-05-28 21:00:00",94,18.9,17.47,72.1,63.05,1004.606,0,1.461,81.5,51.2,13.62
"2013-05-28 22:00:00",95,18.97,17.27,78.56,63.32,1006.734,0,1.305,177,55.91,13.62
"2013-05-28 23:00:00",96,17.88,16.19,80.1,70.06,1005.921,0,0.546,108,48.73,13.62
"2013-05-29 00:00:00",97,16.54,15.37,103.7,79.73,1005.742,0,0.736,55.39,48.82,13.62
"2013-05-29 01:00:00",98,15.79,14.98,104.4,97.1,1005.495,0,0.784,38.93,24.5,13.62
"2013-05-29 02:00:00",99,15.93,15.11,105.3,97.8,1004.744,0,1.521,31.6,36.34,13.62
"2013-05-29 03:00:00",100,15.52,15.04,108.3,102.2,1004.618,0,2.046,22.25,31.38,13.62
"2013-05-29 04:00:00",101,15.86,14.98,102.5,92,1005.119,0,1.453,26.68,32.62,13.62
"2013-05-29 05:00:00",102,16,15.52,97.1,88.9,1005.37,0,1.715,28.65,31.56,13.62
"2013-05-29 06:00:00",103,15.93,15.32,97.8,89.1,1005.495,0,1.478,28.5,29.41,13.62
"2013-05-29 07:00:00",104,15.79,15.18,96.7,90.7,1006.121,0,1.324,35.81,24.42,13.62
"2013-05-29 08:00:00",105,16.47,15.32,92.5,79.67,1006.371,0,1.213,32.71,24.91,13.62
"2013-05-29 09:00:00",106,18.35,16.2,80.1,73.72,1007.416,0,2.591,23.85,19.16,13.62
"2013-05-29 10:00:00",107,19.13,18,77.28,72.52,1007.764,0,1.963,11.11,26.5,13.62
"2013-05-29 11:00:00",108,20.33,17.97,80.1,64.01,1006.5,0,2.005,4.517,33.29,13.62
"2013-05-29 12:00:00",109,22.13,19.64,69.43,58.13,1005.065,0,2.612,18.44,27.54,13.62
"2013-05-29 13:00:00",110,22.66,21.8,59.55,54.92,1003.868,0,3.074,24.94,27.77,13.62
"2013-05-29 14:00:00",111,23.01,22.26,56.96,54.32,1002.666,0,3.906,32.88,21.23,13.61
"2013-05-29 15:00:00",112,23.01,22.06,59.48,54.12,1002.42,0,3.81,28.53,21.14,13.61
"2013-05-29 16:00:00",113,22.74,21.39,62.81,58.33,1002.566,0,3.484,31.77,21.91,13.61
"2013-05-29 17:00:00",114,21.72,20.26,66.85,62.13,1002.75,0,2.725,45.28,28.77,13.6
"2013-05-29 18:00:00",115,20.47,19.07,75.72,66.24,1004.456,0,1.739,49.2,28.35,13.6
"2013-05-29 19:00:00",116,19.49,18.94,75.13,72.55,1005.71,0,1.43,181.1,77.1,13.61
"2013-05-29 20:00:00",117,19.42,15.29,115.5,71.66,1006.681,9.65,3.094,187.8,57.06,13.61
"2013-05-29 21:00:00",118,15.57,14.16,121,114.2,1005.353,2.286,1.532,47.61,48.24,13.61
"2013-05-29 22:00:00",119,15.18,14.16,114.4,92.2,1003.367,0.508,1.783,42.37,31.98,13.61
"2013-05-29 23:00:00",120,16.13,14.98,107,78.04,1005.244,0,2.055,13.01,49.65,13.61
"2013-05-30 00:00:00",121,15.45,14.36,109.9,103.8,1005.495,0,1.056,42.09,55.62,13.62
"2013-05-30 01:00:00",122,14.64,13.41,110.1,104.4,1006.496,0,0.419,110.1,37.24,13.62
"2013-05-30 02:00:00",123,13.68,12.73,110.2,108.5,1007.625,0,0.426,116.7,22.47,13.62
"2013-05-30 03:00:00",124,14.78,12.8,110.2,76.41,1008.272,0,0.76,143.3,30.96,13.61
"2013-05-30 04:00:00",125,14.91,14.1,85.5,76.96,1009.068,0,1.028,119.8,32.56,13.61
"2013-05-30 05:00:00",126,14.79,13.84,88,78.2,1010.016,0,0.585,96.9,62.79,13.62
"2013-05-30 06:00:00",127,15.74,13.91,79.29,57.38,1011.519,0,0.548,61.7,46.84,13.62
"2013-05-30 07:00:00",128,16.22,15.2,59.69,47.37,1013.272,0,0.783,336.3,62.76,13.62
"2013-05-30 08:00:00",129,15.61,14.93,54.72,47.85,1014.024,0,0.877,252.5,68.79,13.62
"2013-05-30 09:00:00",130,15.61,14.84,60.49,48.05,1014.651,0,0.628,228.6,37.76,13.62
"2013-05-30 10:00:00",131,16.3,14.77,60.35,50.81,1015.524,0,1.035,251.9,44.2,13.62
"2013-05-30 11:00:00",132,18.09,15.96,53.18,38.05,1015.446,0,1.23,269.1,47.94,13.62
"2013-05-30 12:00:00",133,18.88,17.95,42.32,33.56,1014.734,0,1.541,314.9,42.68,13.62
"2013-05-30 13:00:00",134,19.82,18.33,40.94,30.22,1013.914,0,1.784,321.7,43.48,13.62
"2013-05-30 14:00:00",135,19.96,19.14,39.93,31.64,1013.53,0,1.783,336.8,38.84,13.62
"2013-05-30 15:00:00",136,20.16,19.2,42.5,31.78,1013.469,0,1.629,333.6,45.92,13.62
"2013-05-30 16:00:00",137,20.16,19.41,41.07,31.3,1014.039,0,1.729,350.7,43.12,13.62
"2013-05-30 17:00:00",138,20.02,18.63,38.45,31.51,1014.636,0,1.53,334.3,37.47,13.61
"2013-05-30 18:00:00",139,18.98,17.93,40.11,34.66,1015.478,0,1.154,321.6,49.06,13.61
"2013-05-30 19:00:00",140,18.13,16.52,50.47,35.02,1015.869,0,0.414,280.6,44.35,13.6
"2013-05-30 20:00:00",141,16.73,15.57,62.99,50.33,1016.508,0,1.323,164.9,23.78,13.61
"2013-05-30 21:00:00",142,16.06,15.11,66.41,60.42,1016.901,0,1.985,167.4,24.47,13.61
"2013-05-30 22:00:00",143,15.66,14.36,67.57,59.95,1017.512,0,1.481,168.3,23.62,13.61
"2013-05-30 23:00:00",144,15.13,13.84,71.74,65.68,1018.156,0,1.392,159.7,26.43,13.62
"2013-05-31 00:00:00",145,14.04,12.82,80.6,71.6,1018.304,0,0.611,125.6,19.43,13.62
"2013-05-31 01:00:00",146,13.02,12.28,84.7,79.78,1018.478,0,0.873,137.2,22.44,13.61
"2013-05-31 02:00:00",147,12.62,11.27,85.8,79.58,1017.797,0,0.777,124,20.18,13.61
"2013-05-31 03:00:00",148,11.68,11,85.9,83.2,1018.173,0,0.883,132.5,19.29,13.61
"2013-05-31 04:00:00",149,11.34,10.52,83.7,79.95,1018.63,0,0.797,128.7,17.5,13.61
"2013-05-31 05:00:00",150,10.87,9.92,82.8,79.62,1018.441,0,0.585,122.5,15.3,13.61
"2013-05-31 06:00:00",151,10.2,9.72,85.1,82.5,1019.068,0,0.365,116.5,18.45,13.61
"2013-05-31 07:00:00",152,10.06,9.38,102.2,83.2,1019.338,0,0.2,118.8,13.69,13.61
"2013-05-31 08:00:00",153,9.79,9.24,106.3,101.6,1020.071,0,0.409,111.1,12.18,13.61
"2013-05-31 09:00:00",154,12.82,9.51,104.4,76.23,1020.926,0,0.39,100.2,16.95,13.61
"2013-05-31 10:00:00",155,15.8,12.61,76.37,59.54,1021.035,0,0.294,69.64,29.14,13.62
"2013-05-31 11:00:00",156,16.19,15.11,64.68,57.89,1020.5,0,1.023,5.836,32.19,13.63
"2013-05-31 12:00:00",157,17.53,15.77,59.38,43.61,1019.617,0,1.235,5.353,32.36,13.63
"2013-05-31 13:00:00",158,18.33,16.71,52.7,42.03,1018.357,0,1.886,14.91,28.71,13.62
"2013-05-31 14:00:00",159,18.96,18.06,47.88,39.93,1017.179,0,2.767,8.62,31.75,13.62
"2013-05-31 15:00:00",160,18.9,18.35,52.72,45.44,1016.75,0,3.247,22.12,27.56,13.62
"2013-05-31 16:00:00",161,18.83,17.96,56.6,50.68,1016.696,0,3.431,20.85,26.62,13.62
"2013-05-31 17:00:00",162,18.3,17.25,61.06,55.38,1016.853,0,2.665,28.4,28.39,13.62
"2013-05-31 18:00:00",163,17.45,16.72,66.32,60.85,1017.638,0,2.303,36.66,26.77,13.61
"2013-05-31 19:00:00",164,17.21,16.6,70.21,65.37,1017.861,0,1.676,33.81,28.1,13.61
"2013-05-31 20:00:00",165,16.95,16.54,70.49,67.29,1018.014,0,0.745,29.71,38.97,13.62
"2013-05-31 21:00:00",166,17.02,16.54,69.6,66.88,1017.889,0,0.336,84.4,62.48,13.62
"2013-05-31 22:00:00",167,17.02,16.4,74.84,69.13,1017.764,0,0.247,36.18,55.07,13.62
"2013-05-31 23:00:00",168,16.74,16.06,77.22,74.43,1017.638,0,0.566,35,47.58,13.62
"2013-06-01 00:00:00",169,16.61,16.13,78.31,76.75,1017.138,0,0.857,39.14,30.11,13.62
"2013-06-01 01:00:00",170,16.74,16.13,80.2,77.77,1017.012,0,0.453,174.5,77.54,13.62
"2013-06-01 02:00:00",171,16.81,16.13,80.3,76.68,1016.512,0,0.521,251.5,60.88,13.62
"2013-06-01 03:00:00",172,16.4,15.59,83.5,80.1,1015.76,0,0.813,30.64,45.09,13.62
"2013-06-01 04:00:00",173,16.07,15.45,85.6,80.2,1015.388,0,0.755,48.05,59.33,13.61
"2013-06-01 05:00:00",174,16.2,15.52,83.2,75.46,1015.019,0,0.69,52.65,72.16,13.61
"2013-06-01 06:00:00",175,16.54,15.72,78.79,73.75,1015.385,0,1.031,1.436,80.9,13.62
"2013-06-01 07:00:00",176,16.34,15.66,80.5,75.66,1015.39,0,1.106,1.594,58.65,13.62
"2013-06-01 08:00:00",177,17.22,16.06,75.73,71.99,1016.011,0,1.451,32.95,44.61,13.62
"2013-06-01 09:00:00",178,18.09,16.81,75.52,70.47,1015.87,0,2.046,37.62,29.88,13.62
"2013-06-01 10:00:00",179,19.39,17.88,71.55,65.77,1016.197,0,1.226,60.76,62.16,13.62
"2013-06-01 11:00:00",180,20.4,18.91,67.61,62.03,1015.626,0,2.499,31.79,32.75,13.62
"2013-06-01 12:00:00",181,20.98,20.12,65.35,61.26,1014.109,0,2.32,23.51,32.83,13.62
"2013-06-01 13:00:00",182,21.61,20.24,65.54,60.93,1013.236,0,2.727,36.53,26.51,13.62
"2013-06-01 14:00:00",183,22.54,21.12,63.02,58.19,1012.418,0,2.742,23.81,25.42,13.62
"2013-06-01 15:00:00",184,22.6,21.05,65.89,58.53,1012.054,0,2.381,25.71,26.04,13.62
"2013-06-01 16:00:00",185,21.47,20.13,68.15,64.66,1012.329,0,1.728,18.63,22.08,13.61
"2013-06-01 17:00:00",186,20.41,17.38,74.03,67.81,1013.212,0,2.668,7.667,98.9,13.61
"2013-06-01 18:00:00",187,17.66,15.17,110.4,72.55,1014.062,1.27,3.13,209.6,30.73,13.61
"2013-06-01 19:00:00",188,15.37,13.89,117.6,108.6,1013.765,2.286,2.568,213.7,35.12,13.61
"2013-06-01 20:00:00",189,14.16,12.74,126.5,111.9,1015.139,11.68,2.82,183,44.04,13.61
"2013-06-01 21:00:00",190,13.02,10.57,129.8,126.2,1014.523,8.89,1.181,149.4,60.98,13.62
"2013-06-01 22:00:00",191,10.77,8.26,131,129.2,1014.149,5.588,0.387,24.73,33.81,13.62
"2013-06-01 23:00:00",192,8.46,5.057,131.6,130.5,1013.648,6.604,1.018,2.542,53.08,13.62
"2013-06-02 00:00:00",193,5.329,3.083,131.6,131,1012.646,0.508,0.764,23.75,54.61,13.62
"2013-06-02 01:00:00",194,3.287,2.403,131.7,131.1,1011.644,0.762,0.915,19.3,24.24,13.62
"2013-06-02 02:00:00",195,2.743,2.127,131.9,130.9,1012.373,0.508,1.035,359.1,48.94,13.62
"2013-06-02 03:00:00",196,2.401,1.988,131.6,129.6,1012.587,1.016,1.621,27.12,78.26,13.62
"2013-06-02 04:00:00",197,2.328,1.917,129.8,127,1010.933,0,1.388,40.15,44.43,13.62
"2013-06-02 05:00:00",198,2.259,1.776,128.3,126.9,1010.377,0,1.366,29.72,31.99,13.62
"2013-06-02 06:00:00",199,2.117,1.708,129.8,127.9,1011.143,0.254,0.818,13.85,47.83,13.62
"2013-06-02 07:00:00",200,2.049,1.436,130.2,127.6,1011.504,0,1.04,19.61,21.66,13.62
"2013-06-02 08:00:00",201,1.777,1.368,130.1,127.8,1012.895,0,0.433,59.99,72.87,13.62
"2013-06-02 09:00:00",202,1.708,1.095,130.6,129.6,1013.632,0,0.349,165.5,45.45,13.62
"2013-06-02 10:00:00",203,1.701,1.095,130.4,127.4,1014.059,0,0.032,301.1,24.21,13.62
"2013-06-02 11:00:00",204,2.568,1.422,127.8,118.4,1014.266,0,0.31,271.1,27.6,13.62
"2013-06-02 12:00:00",205,4.871,2.227,119.8,110.3,1014.066,0,0.657,226.7,27.68,13.63
"2013-06-02 13:00:00",206,12.03,4.665,111.4,77.37,1013.556,0,0.567,257.3,36.41,13.63
"2013-06-02 14:00:00",207,13.99,11.89,99.8,75.93,1012.985,0,1.011,354.4,40.78,13.62
"2013-06-02 15:00:00",208,14.67,13.72,102.2,89.2,1013.694,0,0.895,354.2,34.42,13.62
"2013-06-02 16:00:00",209,14.65,14.09,101,96.8,1013.965,0,0.742,2.357,29.08,13.62
"2013-06-02 17:00:00",210,14.72,14.12,107.4,96.9,1014.227,0,0.722,30.48,28.35,13.62
"2013-06-02 18:00:00",211,14.46,13.51,112.5,106.7,1014.864,0,0.288,333.8,25.81,13.62
"2013-06-02 19:00:00",212,13.85,12.24,120.5,110.5,1015.995,0,0.668,144.5,23,13.62
"2013-06-02 20:00:00",213,12.51,11.77,122.1,116.5,1016.941,0,2.201,230.3,34.56,13.62
"2013-06-02 21:00:00",214,13.14,11.63,117,92.3,1017.502,0,2.977,236.1,26.17,13.62
"2013-06-02 22:00:00",215,14.02,12.93,92.3,82.8,1018.014,0,3.245,219,18.01,13.62
"2013-06-02 23:00:00",216,14.57,13.82,85.2,80.8,1017.764,0,2.983,219.7,17.35,13.62
"2013-06-03 00:00:00",217,14.57,14.16,86.9,81.8,1017.653,0,2.989,209.6,18.38,13.62
"2013-06-03 01:00:00",218,14.43,13.48,98.9,86.8,1017.676,0,2.113,175.7,20.08,13.62
"2013-06-03 02:00:00",219,14.7,13.42,99.8,79.47,1018.285,0,2.221,206.2,29.67,13.62
"2013-06-03 03:00:00",220,14.84,14.43,86.1,79.88,1018.265,0,3.524,218.2,18.99,13.62
"2013-06-03 04:00:00",221,14.84,14.16,87.9,82.5,1018.301,0,3.421,210.3,18.53,13.62
"2013-06-03 05:00:00",222,14.57,13.9,89.4,87,1018.397,0,3.053,206.4,19.05,13.62
"2013-06-03 06:00:00",223,14.18,13.77,88.2,84.1,1019.033,0,3.156,202.9,16.26,13.62
"2013-06-03 07:00:00",224,14.25,13.84,85.8,83.1,1019.659,0,3.136,205.7,17.59,13.62
"2013-06-03 08:00:00",225,14.52,13.84,95.6,82.9,1020.911,0,2.464,197,18.91,13.62
"2013-06-03 09:00:00",226,15.45,13.7,99.9,80.7,1021.269,0,1.321,182.5,33.4,13.62
"2013-06-03 10:00:00",227,17.09,15.17,80.9,62.73,1021.448,0,0.664,74.64,38.01,13.62
"2013-06-03 11:00:00",228,17.74,16.59,66.3,61.82,1020.75,0,1.423,20.36,28.82,13.63
"2013-06-03 12:00:00",229,19.28,17.4,63.72,53.3,1019.911,0,1.363,0.158,29.79,13.62
"2013-06-03 13:00:00",230,20.08,18.8,62.05,54.18,1019.269,0,1.381,352.8,31.31,13.62
"2013-06-03 14:00:00",231,20.95,18.18,68.35,55.52,1019.089,0,2.121,189.1,78.33,13.62
"2013-06-03 15:00:00",232,18.52,17.19,70.08,66.4,1018.889,0,2.153,149.2,64.61,13.61
"2013-06-03 16:00:00",233,17.5,16.81,70.9,67.97,1018.902,0,1.984,188.7,45.94,13.61
"2013-06-03 17:00:00",234,17.31,16.16,76.7,70.29,1019.361,0,1.757,193.9,40.71,13.61
"2013-06-03 18:00:00",235,16.51,15.37,82.4,75.75,1019.928,0,1.789,217.1,40.71,13.61
"2013-06-03 19:00:00",236,15.71,14.98,83.8,81.5,1020.518,0,1.209,240.2,37.32,13.62
"2013-06-03 20:00:00",237,15.25,14.36,89.5,82.1,1020.893,0,0.531,144.3,57.52,13.62
"2013-06-03 21:00:00",238,14.78,14.23,89.1,81.4,1021.315,0,0.614,123,37.61,13.61
"2013-06-03 22:00:00",239,15.19,14.3,82.4,76.49,1021.468,0,0.928,176.2,49.61,13.62
"2013-06-03 23:00:00",240,15.26,14.84,80.8,76.35,1021.799,0,0.325,126.1,48.56,13.62
"2013-06-04 00:00:00",241,15.19,14.71,82,79.21,1021.58,0,1.051,180.7,39.91,13.62
"2013-06-04 01:00:00",242,15.2,14.71,81.2,77.1,1021.502,0,1.378,134,27.26,13.62
"2013-06-04 02:00:00",243,15.26,14.44,84.4,76.97,1020.873,0,0.314,105.4,36.95,13.62
"2013-06-04 03:00:00",244,14.65,12.82,102.8,84.3,1020.786,0,0.511,100,37.25,13.62
"2013-06-04 04:00:00",245,13.09,12.21,112.9,102.6,1020.445,0,0.42,110.1,25.09,13.62
"2013-06-04 05:00:00",246,12.48,11.4,119.7,112.7,1020.607,0,0.26,122.6,12.85,13.62
"2013-06-04 06:00:00",247,11.74,10.37,123.7,119.6,1021.123,0,0.263,111.4,21.15,13.62
"2013-06-04 07:00:00",248,10.58,8.95,125.6,123,1021.305,0,0.176,77.85,26.11,13.61
"2013-06-04 08:00:00",249,9.29,8.13,128.8,125,1021.788,0,0.472,60.85,35.89,13.62
"2013-06-04 09:00:00",250,8.67,8.13,127.3,120.1,1021.929,0,1.114,29.36,35.52,13.62
"2013-06-04 10:00:00",251,11.76,8.32,121.9,91.8,1022.597,0,1.075,10.09,30.89,13.62
"2013-06-04 11:00:00",252,15.93,11.55,95.2,70.68,1022.018,0,1.741,25.77,26.71,13.62
"2013-06-04 12:00:00",253,17.47,15.66,73.33,64.95,1021.25,0,2.418,25.08,24.86,13.63
"2013-06-04 13:00:00",254,18.69,16.93,69.29,59.23,1019.929,0,2.37,24.44,22.71,13.63
"2013-06-04 14:00:00",255,19.5,18.48,66.55,58.07,1019.096,0,2.198,18.06,31.96,13.62
"2013-06-04 15:00:00",256,19.97,18.95,61.87,57.92,1018.311,0,2.352,19.6,27.34,13.62
"2013-06-04 16:00:00",257,20.3,19.28,60.77,55.81,1018.412,0,1.72,6.868,34.22,13.62
"2013-06-04 17:00:00",258,19.62,18.03,70.94,56.7,1018.195,0,2.219,24.39,22.29,13.62
"2013-06-04 18:00:00",259,18.37,16.37,87.4,70.87,1018.771,0,2.013,46.2,28.7,13.61
"2013-06-04 19:00:00",260,16.58,15.58,101.6,86.9,1019.193,0,2.132,49.5,31.09,13.61
"2013-06-04 20:00:00",261,15.85,15.1,104.2,97.7,1019.265,0,1.791,34.13,28.21,13.62
"2013-06-04 21:00:00",262,15.38,14.7,107.6,104,1019.516,0,1.693,23.55,31.82,13.62
"2013-06-04 22:00:00",263,15.04,14.23,109.1,104,1019.641,0,1.082,30.11,27.56,13.62
"2013-06-04 23:00:00",264,14.91,14.16,107.2,98,1018.515,0,1.624,26.36,26.71,13.62
"2013-06-05 00:00:00",265,14.64,14.09,105.7,95.3,1018.651,0,0.976,30.68,33.84,13.62
"2013-06-05 01:00:00",266,14.5,13.49,108,97.6,1018.375,0,0.975,27.88,33.06,13.62
"2013-06-05 02:00:00",267,13.76,12.82,111.6,106.8,1017.906,0,1.132,43.61,21.56,13.62
"2013-06-05 03:00:00",268,13.22,11.73,117.5,110.1,1017.279,0,0.581,55.77,28.67,13.62
"2013-06-05 04:00:00",269,12,10.58,123.6,117.2,1016.971,0,0.442,77.24,15.47,13.62
"2013-06-05 05:00:00",270,10.85,9.42,125.3,122.3,1016.614,0,0.228,109.6,26.17,13.62
"2013-06-05 06:00:00",271,9.76,8.48,127.1,124.6,1017.046,0,0.512,125.3,19.84,13.62
"2013-06-05 07:00:00",272,8.75,7.186,128.1,126.3,1017.589,0,0.302,129.2,19.85,13.62
"2013-06-05 08:00:00",273,7.395,6.238,129.3,126.9,1018.126,0,0.346,114.1,14.74,13.62
"2013-06-05 09:00:00",274,7.375,5.753,131.7,122.3,1018.795,0,0.455,101.3,16.37,13.61
"2013-06-05 10:00:00",275,13.62,7.1,122.3,82.6,1019.011,0,0.668,97.6,28.54,13.62
"2013-06-05 11:00:00",276,16.17,13.34,89.2,63.31,1018.687,0,1.099,4.125,37.94,13.63
"2013-06-05 12:00:00",277,18.45,15.9,64.8,53.02,1017.926,0,0.971,343.7,30.61,13.63
"2013-06-05 13:00:00",278,19.52,17.56,57.82,49.14,1016.576,0,1.367,348,31.18,13.63
"2013-06-05 14:00:00",279,20.2,18.98,58.57,48.46,1015.577,0,1.572,353.1,30.3,13.62
"2013-06-05 15:00:00",280,20.94,19.72,53.75,43.98,1014.824,0,1.421,0.947,30.35,13.62
"2013-06-05 16:00:00",281,21.01,20,58.85,50.22,1014.4,0,1.91,7.979,25.84,13.62
"2013-06-05 17:00:00",282,20.29,18.83,64.88,57.9,1014.125,0,2.417,21.48,20.45,13.61
"2013-06-05 18:00:00",283,19.17,17.25,74.04,64.61,1014.352,0,2.337,64.31,26.1,13.61
"2013-06-05 19:00:00",284,17.45,16.32,81.3,73.7,1014.493,0,2.502,62.87,27.55,13.61
"2013-06-05 20:00:00",285,16.73,15.65,88,78.16,1014.939,0,2.087,55.81,31.86,13.61
"2013-06-05 21:00:00",286,16.6,15.59,100.2,77.28,1015.506,0,1.583,46.5,29.34,13.62
"2013-06-05 22:00:00",287,15.79,14.77,103.6,95.5,1015.635,0,1.216,47.39,30.84,13.62
"2013-06-05 23:00:00",288,15.86,14.84,102.5,77.77,1016.011,0,1.287,25.21,33.85,13.62
"2013-06-06 00:00:00",289,15.52,14.5,88.2,82.3,1015.637,0,1.161,23.76,27.77,13.62
"2013-06-06 01:00:00",290,14.77,13.63,94.9,85.5,1015.401,0,1.008,31.4,30.84,13.62
"2013-06-06 02:00:00",291,14.25,13.56,88.1,80.7,1015.15,0,1.07,39.3,42.49,13.62
"2013-06-06 03:00:00",292,14.45,13.5,88.8,78.14,1014.65,0,1.875,35.25,23.45,13.62
"2013-06-06 04:00:00",293,14.93,14.25,80.6,75.75,1014.399,0,1.056,15.68,27.9,13.62
"2013-06-06 05:00:00",294,14.72,14.18,85.6,79.16,1014.024,0,1.439,18.74,24.71,13.62
"2013-06-06 06:00:00",295,14.59,12.68,85.3,79.43,1014.535,0,0.423,40.27,53.07,13.62
"2013-06-06 07:00:00",296,15.13,12.41,95.8,70.52,1015.309,0,1.326,16.69,31.2,13.62
"2013-06-06 08:00:00",297,15.34,13.7,78.55,66.7,1016.667,0,0.846,14.26,36.24,13.62
"2013-06-06 09:00:00",298,17.56,14.04,74.46,63.89,1017.729,0,0.657,126.9,70.23,13.62
"2013-06-06 10:00:00",299,19.72,17.42,65.31,49.8,1018.25,0,1.063,57.75,23.95,13.63
"2013-06-06 11:00:00",300,21.32,19.31,53.59,47.2,1017.54,0,1.258,32.32,31.57,13.63
"2013-06-06 12:00:00",301,22.51,20.83,50.03,39.64,1016.582,0,1.438,30.33,30.02,13.62
"2013-06-06 13:00:00",302,23.3,22.03,42.62,36.16,1015.311,0,1.109,55.4,54.94,13.59
"2013-06-06 14:00:00",303,24.11,22.42,42.21,34.2,1014.812,0,1.231,27.69,43.2,13.59
"2013-06-06 15:00:00",304,24.04,22.82,43.08,34.46,1014.437,0,1.395,28.54,56.06,13.58
"2013-06-06 16:00:00",305,22.96,21.62,46.76,41.52,1014.773,0,2.624,142.3,23.65,13.61
"2013-06-06 17:00:00",306,22.04,20.59,49.66,43.78,1014.99,0,2.379,125.1,20.25,13.6
"2013-06-06 18:00:00",307,20.87,18.33,62.34,49.12,1015.529,0,1.185,114.4,19.35,13.6
"2013-06-06 19:00:00",308,18.67,17.66,66.16,62.2,1016.034,0,0.553,66.28,26.38,13.61
"2013-06-06 20:00:00",309,18.01,16.93,72.79,64.06,1016.788,0,0.65,124.1,21.24,13.61
"2013-06-06 21:00:00",310,17.62,16.8,74.02,69.93,1017.626,0,1.995,181.8,31.66,13.62
"2013-06-06 22:00:00",311,17.15,15.72,82.1,71.78,1018.39,0,4.233,220.3,17.35,13.62
"2013-06-06 23:00:00",312,16.07,15.32,78.72,73.69,1018.576,0,3.76,226.5,18.01,13.62
"2013-06-07 00:00:00",313,15.6,14.65,83.9,77.64,1018.657,0,3.216,229.4,21.45,13.62
"2013-06-07 01:00:00",314,14.93,14.25,83.7,82.6,1018.907,0,2.922,227.5,20.2,13.62
"2013-06-07 02:00:00",315,14.59,13.98,84.3,81.6,1019.176,0,2.767,223,17.96,13.62
"2013-06-07 03:00:00",316,14.32,13.77,84.5,78.96,1019.183,0,2.32,225.1,19.2,13.62
"2013-06-07 04:00:00",317,14.18,13.77,79.23,76.17,1019.229,0,2.485,221.9,18.49,13.62
"2013-06-07 05:00:00",318,14.19,13.78,79.51,77.2,1019.355,0,2.359,218.5,18.37,13.62
"2013-06-07 06:00:00",319,14.19,13.71,80.3,78.22,1019.981,0,1.953,204.9,16.58,13.62
"2013-06-07 07:00:00",320,14.12,13.71,81.1,79.24,1020.858,0,1.098,195.4,26.81,13.62
"2013-06-07 08:00:00",321,14.19,13.64,84.4,80.9,1021.308,0,0.557,135.2,19.11,13.62
"2013-06-07 09:00:00",322,14.99,13.97,83,77.31,1021.947,0,1.235,192.3,20.2,13.62
"2013-06-07 10:00:00",323,16.3,14.71,79.59,72.28,1022.335,0,0.704,206.8,39.56,13.62
"2013-06-07 11:00:00",324,16.36,15.68,74.58,70.99,1022.143,0,0.941,36.17,51.9,13.63
"2013-06-07 12:00:00",325,17.52,16.03,72.22,67.92,1020.983,0,1.307,11.9,30.3,13.63
"2013-06-07 13:00:00",326,18.32,16.97,72.27,66.34,1020.089,0,1.735,12.03,32.33,13.63
"2013-06-07 14:00:00",327,19.1,18.1,68.72,63.38,1019.375,0,2.321,15.78,26.66,13.62
"2013-06-07 15:00:00",328,19.44,18.62,66.24,62.64,1019.25,0,2.267,17.66,27.8,13.59
"2013-06-07 16:00:00",329,19.37,18.48,68.13,63.52,1019.5,0,1.986,14.82,26.59,13.59
"2013-06-07 17:00:00",330,18.76,16.82,77.42,67.32,1019.714,0,1.636,83.9,58.56,13.62
"2013-06-07 18:00:00",331,17.1,16.51,78.74,77.21,1020.124,0,1.068,116.4,41.65,13.62
"2013-06-07 19:00:00",332,16.86,16.33,78.3,76.52,1020.822,0,0.672,77.72,38.51,13.62
"2013-06-07 20:00:00",333,16.73,16.27,80.9,77.96,1021.269,0,1.052,55.16,32.72,13.62
"2013-06-07 21:00:00",334,16.61,16.2,81.4,80.4,1021.519,0,1.339,43.62,26.26,13.62
"2013-06-07 22:00:00",335,16.54,16.06,82.3,80.6,1022.02,0,1.073,58.27,25.77,13.62
"2013-06-07 23:00:00",336,16.54,15.93,84.7,80.6,1022.396,0,0.71,74.22,31.54,13.62
"2013-06-08 00:00:00",337,16.27,15.86,91.4,84.3,1022.396,0,0.898,46.99,26.25,13.62
"2013-06-08 01:00:00",338,16.13,15.52,98.2,91.3,1022.523,0,0.783,25.23,24.82,13.62
"2013-06-08 02:00:00",339,15.79,14.98,102.9,98,1022.296,0,0.803,50.3,25.22,13.62
"2013-06-08 03:00:00",340,15.18,14.51,111.1,102.5,1022.038,0,0.866,62.39,21.76,13.62
"2013-06-08 04:00:00",341,14.79,13.63,117.2,110.9,1022.038,0,0.865,58.91,20.63,13.63
"2013-06-08 05:00:00",342,13.84,12.28,121.9,117.1,1021.705,0,0.31,70.58,14.05,13.62
"2013-06-08 06:00:00",343,12.48,11.53,125.9,121.6,1022.361,0,0.437,126.2,14.99,13.62
"2013-06-08 07:00:00",344,11.8,10.99,128.3,125.4,1022.862,0,0.547,137.1,19.74,13.62
"2013-06-08 08:00:00",345,11.26,10.65,128.6,126.8,1023.488,0,0.548,132.1,14.76,13.62
"2013-06-08 09:00:00",346,12.19,10.71,129.4,117.4,1024.042,0,0.627,181.6,35.61,13.62
"2013-06-08 10:00:00",347,15.67,11.98,118.2,86.7,1024.415,0,1.089,216.4,31.38,13.63
"2013-06-08 11:00:00",348,17.8,15.39,87.4,72.75,1024.428,0,1.248,223.8,27.76,13.59
"2013-06-08 12:00:00",349,19.95,17.6,74.1,61.91,1024.06,0,1.192,226.9,27.52,13.46
"2013-06-08 13:00:00",350,20.81,19.18,68.41,62.71,1023.319,0,1.415,230.5,23.83,13.41
"2013-06-08 14:00:00",351,20.27,18.8,70.68,59.39,1022.777,0,2.765,242,39.62,13.45
"2013-06-08 15:00:00",352,19.07,17.67,71.44,59.58,1022.5,0,4.254,229.7,24.09,13.53
"2013-06-08 16:00:00",353,17.95,16.88,69.59,59.78,1022.445,0,4.298,235,25.16,13.62
"2013-06-08 17:00:00",354,17.23,16.09,73.5,64.44,1022.734,0,2.677,237.5,33.35,13.62
"2013-06-08 18:00:00",355,16.37,15.24,78.5,73.3,1023.483,0,2.215,229.6,31.83,13.62
"2013-06-08 19:00:00",356,15.45,14.91,79.81,77.9,1023.899,0,2.647,229.6,26.23,13.62
"2013-06-08 20:00:00",357,15.18,14.64,80.5,79.02,1024.292,0,1.922,229.5,25.38,13.61
"2013-06-08 21:00:00",358,14.93,14.45,79.77,78.34,1024.292,0,1.763,224.4,27.8,13.62
"2013-06-08 22:00:00",359,14.72,14.11,82.2,79.09,1024.176,0,1.73,231.3,27.45,13.62
"2013-06-08 23:00:00",360,14.45,13.7,93.5,82.1,1024.18,0,1.85,230.6,21.66,13.62
"2013-06-09 00:00:00",361,13.98,13.17,102.9,93.2,1023.988,0,1.893,194.2,23.69,13.62
"2013-06-09 01:00:00",362,13.71,13.03,98.3,80.9,1023.613,0,1.518,169,17.86,13.62
"2013-06-09 02:00:00",363,14.25,13.23,83.6,77.67,1023.488,0,1.197,166.5,18.06,13.62
"2013-06-09 03:00:00",364,14.12,12.62,111.2,81,1023.112,0,1.069,149.4,24.11,13.62
"2013-06-09 04:00:00",365,12.89,11.95,119.7,110.9,1022.551,0,0.568,133.4,28.74,13.62
"2013-06-09 05:00:00",366,12.42,11.87,120.6,119,1022.365,0,0.334,125.1,21.09,13.62
"2013-06-09 06:00:00",367,12.08,10.72,121.5,118.8,1022.433,0,0.321,113.9,23.53,13.62
"2013-06-09 07:00:00",368,11.34,10.72,122.7,120.5,1022.808,0,0.24,107.2,10.38,13.62
"2013-06-09 08:00:00",369,11.47,10.93,121,117.7,1023.534,0,0.521,118.6,12.7,13.62
"2013-06-09 09:00:00",370,14.02,11.26,118.7,93.9,1024.279,0,0.289,112.4,40.04,13.62
"2013-06-09 10:00:00",371,16.47,13.75,94,65.46,1024.45,0,0.83,31.74,41.55,13.63
"2013-06-09 11:00:00",372,17.95,15.38,77.19,61.82,1023.625,0,1.318,13.09,28,13.6
"2013-06-09 12:00:00",373,18.82,17.13,66.98,61.26,1022.916,0,1.259,356.4,40.54,13.52
"2013-06-09 13:00:00",374,19.48,17.79,70.82,60.43,1021.41,0,1.975,3.222,43.34,13.52
"2013-06-09 14:00:00",375,20.33,18.73,63.28,58.9,1020.316,0,2.225,27.63,25.41,13.53
"2013-06-09 15:00:00",376,20.45,19.63,62.95,58.01,1019.735,0,2.844,23.65,24.64,13.58
"2013-06-09 16:00:00",377,20.04,18.9,66.37,61.6,1019.375,0,2.711,22.31,25.43,13.58
"2013-06-09 17:00:00",378,19.25,18.05,68.99,65.57,1018.881,0,2.458,33.2,26.82,13.62
"2013-06-09 18:00:00",379,18.39,17.46,70.24,67.65,1019.116,0,1.386,54.2,33.79,13.62
"2013-06-09 19:00:00",380,17.81,16.67,79.12,69.17,1019.695,0,1.352,75.14,35.38,13.62
"2013-06-09 20:00:00",381,17.21,15.93,100.6,78.98,1020.142,0,1.642,28.5,27.13,13.62
"2013-06-09 21:00:00",382,16.27,14.91,116.2,100.2,1020.269,0,0.907,61.07,39.8,13.62
"2013-06-09 22:00:00",383,15.39,14.91,114.8,108.5,1019.897,0,0.564,65.42,39.28,13.62
"2013-06-09 23:00:00",384,15.66,14.91,113.7,104.4,1020.142,0,1.105,33.08,28.6,13.62
"2013-06-10 00:00:00",385,15.45,14.91,115.2,112.9,1019.892,0,0.839,20.54,41.66,13.62
"2013-06-10 01:00:00",386,15.39,14.91,113.4,106.7,1019.642,0,0.871,37.13,40.69,13.62
"2013-06-10 02:00:00",387,15.25,14.1,116.8,105.3,1019.102,0,0.997,58.27,32.93,13.62
"2013-06-10 03:00:00",388,14.31,13.02,127.3,116.8,1018.657,0,0.421,65.43,33.14,13.62
"2013-06-10 04:00:00",389,13.5,12.88,126.4,121.3,1018.532,0,0.921,54.37,43.02,13.63
"2013-06-10 05:00:00",390,13.97,13.16,122,111.7,1017.906,0,0.784,45.91,37.59,13.63
"2013-06-10 06:00:00",391,13.56,12.41,125.7,117.1,1017.906,0,0.44,79.83,49.19,13.62
"2013-06-10 07:00:00",392,13.23,12.34,126.1,117.3,1018.407,0,0.749,43.2,30.14,13.62
"2013-06-10 08:00:00",393,13.02,12.41,121.3,117.4,1018.156,0,1.608,23.63,21.79,13.62
"2013-06-10 09:00:00",394,13.55,12.61,117.7,111.6,1018.521,0,1.568,11.14,31.59,13.62
"2013-06-10 10:00:00",395,15.02,13.21,111.7,93.4,1019.123,0,1.86,18.08,24.68,13.62
"2013-06-10 11:00:00",396,16.64,14.75,94.9,78.94,1018.939,0,1.82,8.8,27.54,13.63
"2013-06-10 12:00:00",397,19.07,16.36,84.4,62.74,1018.323,0,1.905,12.03,28.94,13.63
"2013-06-10 13:00:00",398,19.67,18.23,66.32,62.05,1017.642,0,0.913,355.4,33.51,13.63
"2013-06-10 14:00:00",399,20.75,19.26,64.63,59.33,1017.071,0,0.823,36.58,41.46,13.62
"2013-06-10 15:00:00",400,20.61,18.31,72.59,60.54,1017.322,0,1.169,230.9,34.45,13.62
"2013-06-10 16:00:00",401,18.59,17.86,73.82,63.51,1016.979,0,1.775,194.8,25.44,13.62
"2013-06-10 17:00:00",402,18.41,17.53,68.41,61.87,1017.035,0,1.449,192.9,23.1,13.62
"2013-06-10 18:00:00",403,17.87,16.93,71.08,67.61,1017.371,0,0.35,182.8,38.15,13.62
"2013-06-10 19:00:00",404,17.28,16.8,72.65,70.75,1017.818,0,0.638,172.8,24.58,13.62
"2013-06-10 20:00:00",405,17.08,16.47,74.9,69.67,1018.264,0,0.991,169.1,26.51,13.62
"2013-06-10 21:00:00",406,17.02,16.47,73.89,70.42,1018.515,0,1.389,169.7,19.94,13.62
"2013-06-10 22:00:00",407,17.02,15.59,98.2,73.35,1019.145,0,0.61,151.4,28.5,13.62
"2013-06-10 23:00:00",408,15.86,14.44,116.8,97.6,1019.468,0,0.456,159.6,33.57,13.62
"2013-06-11 00:00:00",409,14.78,13.84,118.2,116.4,1019.784,0,0.823,158.5,21.33,13.63
"2013-06-11 01:00:00",410,14.11,13.09,123.1,117.3,1019.659,0,0.397,139.6,34.79,13.62
"2013-06-11 02:00:00",411,13.36,12.27,127.9,122.8,1019.698,0,0.717,180.2,29.7,13.62
"2013-06-11 03:00:00",412,12.48,11.73,129.7,127.2,1019.419,0,0.682,198.8,16.55,13.62
"2013-06-11 04:00:00",413,12.07,11.32,129.5,125.6,1019.184,0,0.816,161.6,18.78,13.62
"2013-06-11 05:00:00",414,11.66,10.85,126,124.2,1018.965,0,0.699,148.9,22.35,13.62
"2013-06-11 06:00:00",415,11.05,10.44,130.4,125.2,1019.104,0,0.264,150.5,24.94,13.62
"2013-06-11 07:00:00",416,10.85,10.1,132.3,129.5,1019.73,0,0.578,175.5,45.73,13.62
"2013-06-11 08:00:00",417,10.44,9.69,131.4,128,1020.732,0,0.85,186.9,28.89,13.62
"2013-06-11 09:00:00",418,10.91,9.69,128.3,121.8,1021.663,0,0.939,199.6,17.13,13.62
"2013-06-11 10:00:00",419,13.26,10.64,122.4,103.7,1022.257,0,1.236,220.8,21.2,13.62
"2013-06-11 11:00:00",420,16.53,13.05,105.5,86.9,1022.324,0,0.928,229.1,34.96,13.63
"2013-06-11 12:00:00",421,17.88,16.33,87.6,75.14,1021.522,0,1.021,213.7,43.31,13.6
"2013-06-11 13:00:00",422,18.98,17.61,75.89,65.84,1020.571,0,0.966,18.04,76.17,13.63
"2013-06-11 14:00:00",423,19.58,18.49,69.63,62.64,1020.25,0,1.507,238.1,29.71,13.59
"2013-06-11 15:00:00",424,20.3,19.04,65.73,60.7,1019.786,0,1.932,229.2,25.22,13.52
"2013-06-11 16:00:00",425,20.16,18.87,67.97,61.38,1020.036,0,1.553,185.7,61.13,13.52
"2013-06-11 17:00:00",426,19.21,17.03,76.94,67.43,1019.839,0,1.624,108,23.65,13.53
"2013-06-11 18:00:00",427,17.3,16.24,80.9,73.98,1020.463,0,1.648,132.3,27.49,13.62
"2013-06-11 19:00:00",428,16.59,15.91,81,76.86,1020.947,0,0.809,125.1,39.65,13.62
"2013-06-11 20:00:00",429,16.26,15.38,88.2,78.57,1021.253,0,1.449,165.9,23.94,13.62
"2013-06-11 21:00:00",430,15.72,15.04,94.8,87,1021.645,0,1.279,163,28.37,13.62
"2013-06-11 22:00:00",431,15.38,14.77,97.9,93.3,1021.645,0,0.766,166.2,31.31,13.62
"2013-06-11 23:00:00",432,15.32,14.84,96.5,91,1021.645,0,1.469,194.5,20.82,13.62
"2013-06-12 00:00:00",433,15.18,14.5,104.2,96.3,1021.146,0,0.206,165.1,27.81,13.62
"2013-06-12 01:00:00",434,14.77,13.75,116.6,103.5,1020.894,0,0.142,195.2,28.09,13.62
"2013-06-12 02:00:00",435,14.09,13.01,126.4,116.4,1020.84,0,0.574,171.9,30.6,13.62
"2013-06-12 03:00:00",436,13.29,12.2,131.2,126.1,1020.536,1.524,0.86,199.4,19.25,13.63
"2013-06-12 04:00:00",437,12.34,10.91,134,131,1020.41,1.524,0.899,207.7,30,13.62
"2013-06-12 05:00:00",438,11.18,8.73,134.7,133.7,1020.16,0.762,0.489,207.2,29.99,13.62
"2013-06-12 06:00:00",439,8.94,7.303,134.5,133.1,1020.16,0,0.573,153.5,44.72,13.62
"2013-06-12 07:00:00",440,7.575,6.214,133.3,132.4,1020.661,0,0.33,130.9,23.72,13.62
"2013-06-12 08:00:00",441,6.486,5.125,133.5,132.7,1020.786,0,0.294,99.5,19.37,13.62
"2013-06-12 09:00:00",442,6.13,5.125,133.7,127.3,1021.394,0,0.727,11.13,42.31,13.62
"2013-06-12 10:00:00",443,8.16,5.926,128.3,117.1,1021.69,0,0.196,152.6,40.21,13.62
"2013-06-12 11:00:00",444,11.34,7.822,117.9,106.7,1021.412,0,0.584,171.9,27.05,13.62
"2013-06-12 12:00:00",445,13.99,11.07,108.5,99.6,1020.997,0,0.688,123.7,46.81,13.63
"2013-06-12 13:00:00",446,15.75,13.78,100.6,91.6,1020.297,0,0.392,285.6,57.64,13.63
"2013-06-12 14:00:00",447,18.29,15.54,100.4,73.91,1019.924,0,0.982,4.924,35.93,13.53
"2013-06-12 15:00:00",448,19.06,17.6,81,72.11,1019.34,0,1.223,5.923,73.59,13.46
"2013-06-12 16:00:00",449,19.13,18.32,85.3,75.15,1019.219,0,1.207,355.3,27.93,13.46
"2013-06-12 17:00:00",450,19.06,16.06,110.5,80.4,1019.071,0,2.077,100.1,47.19,13.52
"2013-06-12 18:00:00",451,16.33,15.35,117,109.8,1019.147,0,0.91,105.7,17.09,13.61
"2013-06-12 19:00:00",452,15.76,14.41,121.6,113.4,1019.499,0,0.814,130.2,25.55,13.62
"2013-06-12 20:00:00",453,14.83,14.35,123.7,121.5,1019.946,0,0.2,92.8,35.15,13.62
"2013-06-12 21:00:00",454,14.56,13.95,123.4,120.4,1020.321,0,0.382,151.4,70.4,13.62
"2013-06-12 22:00:00",455,14.22,13.54,122.5,119.5,1020.488,0,0.985,125.9,33.65,13.62
"2013-06-12 23:00:00",456,13.82,13.41,121.3,118.9,1020.142,0,0.956,110.1,17.86,13.62
"2013-06-13 00:00:00",457,13.95,13.48,120.3,118,1020.017,0,0.493,73.78,20.74,13.62
"2013-06-13 01:00:00",458,13.89,13.27,121.6,119.7,1020.017,0,0.321,93.4,48.68,13.63
"2013-06-13 02:00:00",459,13.68,12.87,123.8,120.6,1019.892,0,0.851,198.2,28.62,13.62
"2013-06-13 03:00:00",460,13.21,12.73,123.5,120,1019.266,0,0.339,115.4,45.59,13.62
"2013-06-13 04:00:00",461,13.21,12.59,122.8,120,1019.016,0,0.539,195.9,21.97,13.63
"2013-06-13 05:00:00",462,12.87,11.91,127.4,122.3,1019.016,0,0.421,210.4,14.47,13.62
"2013-06-13 06:00:00",463,12.12,11.1,127.3,126.2,1019.266,0,0.254,169.9,13.87,13.62
"2013-06-13 07:00:00",464,11.37,9.87,127.2,124.3,1019.302,0,0.883,114.1,18.93,13.62
"2013-06-13 08:00:00",465,10.08,9.55,130.5,124.9,1020.004,0,0.299,104.1,27.5,13.62
"2013-06-13 09:00:00",466,9.88,8.99,131,124.9,1020.268,0,0.771,18.01,26.24,13.62
"2013-06-13 10:00:00",467,10.2,8.99,125.1,115.3,1020.625,0,1.049,6.214,34.45,13.62
"2013-06-13 11:00:00",468,13.01,9.92,117.8,97,1020.645,0,0.853,25.97,37.19,13.62
"2013-06-13 12:00:00",469,15.54,12.6,104.3,85.4,1020.046,0,1.237,7.446,25.68,13.52
"2013-06-13 13:00:00",470,17.35,15.27,91.3,79.47,1019.077,0,0.836,347.2,42.19,13.45
"2013-06-13 14:00:00",471,17.96,16.69,94.6,75.6,1017.911,0,1.353,105.4,52.92,13.4
"2013-06-13 15:00:00",472,19.12,16.83,93.8,72.84,1017.535,0,1.309,165.9,31.11,13.45
"2013-06-13 16:00:00",473,19.53,18.1,82.7,69.51,1017.146,0,0.967,4.291,55.48,13.4
"2013-06-13 17:00:00",474,18.45,17.54,89.7,79.97,1017.071,0,1.403,28.65,37.71,13.46
"2013-06-13 18:00:00",475,17.89,16.64,97.3,86.6,1017.354,0,0.428,77.82,33.45,13.61
"2013-06-13 19:00:00",476,16.98,15.91,104.1,94.8,1017.621,0,0.745,77,32.81,13.62
"2013-06-13 20:00:00",477,16.18,15.16,110.3,104,1018.193,0,0.182,71.38,27.64,13.62
"2013-06-13 21:00:00",478,15.92,15.1,114.1,106,1018.443,0,0.38,127.6,36.24,13.62
"2013-06-13 22:00:00",479,15.51,14.56,119.1,113.2,1018.35,0,0.84,154.7,37.49,13.62
"2013-06-13 23:00:00",480,14.84,14.43,119.4,113.4,1018.139,0,0.317,50.31,34.78,13.62
"2013-06-14 00:00:00",481,14.64,14.09,118.3,113.4,1018.014,0,0.272,50.42,32.97,13.62
"2013-06-14 01:00:00",482,14.57,13.82,120.7,116.7,1017.889,0,0.672,21.9,27.6,13.62
"2013-06-14 02:00:00",483,14.09,13,127,120.5,1017.513,0,0.508,12.01,36.22,13.62
"2013-06-14 03:00:00",484,13.21,11.51,129.5,126.5,1017.138,0,0.467,358.3,30.72,13.62
"2013-06-14 04:00:00",485,11.71,10.14,130.5,127.2,1016.887,0,0.935,33.1,25.72,13.62
"2013-06-14 05:00:00",486,10.42,8.85,130,127.3,1016.792,0,0.374,358.5,34.4,13.62
"2013-06-14 06:00:00",487,9.13,8.11,130.9,129.4,1016.843,0,0.479,6.924,32.7,13.62
"2013-06-14 07:00:00",488,8.45,7.366,130.8,128.4,1016.988,0,0.574,261.2,69.45,13.63
"2013-06-14 08:00:00",489,7.574,6.895,128.6,120.5,1017.906,0,1.169,198.1,30.9,13.62
"2013-06-14 09:00:00",490,7.912,6.963,124.6,118.3,1018.617,0,0.457,135.5,38.85,13.62
"2013-06-14 10:00:00",491,11.13,7.634,118.6,92.6,1019.084,0,1.173,213.2,24.5,13.62
"2013-06-14 11:00:00",492,14.02,10.86,99.9,84.7,1018.635,0,1.704,224.8,24.9,13.63
"2013-06-14 12:00:00",493,16.7,13.67,93.5,72.92,1018.037,0,1.205,227.7,35.91,13.52
"2013-06-14 13:00:00",494,18.38,16.48,74.96,63.88,1017.287,0,1.857,230.3,23.85,13.46
"2013-06-14 14:00:00",495,19.73,17.7,67.61,56.54,1016.649,0,1.445,216.6,38.49,13.46
"2013-06-14 15:00:00",496,20.08,19.05,59.73,46.71,1016.217,0,2.329,238.7,28.03,13.45
"2013-06-14 16:00:00",497,20.15,19.02,50.1,44.75,1015.911,0,2.183,234.2,24.75,13.52
"2013-06-14 17:00:00",498,19.3,18.03,61.42,45.45,1016.103,0,1.573,182.2,46.18,13.59
"2013-06-14 18:00:00",499,18.52,17.12,62.15,55.2,1016.783,0,0.698,141.3,29.69,13.62
"2013-06-14 19:00:00",500,17.39,16.33,68.84,61.41,1017.442,0,1.033,126.6,17.19,13.62
"2013-06-14 20:00:00",501,17.08,15.79,72.6,65.32,1018.264,0,0.657,172.6,50.41,13.62
"2013-06-14 21:00:00",502,17.15,16.06,81,65.79,1018.765,0,2.5,230.4,22.04,13.62
"2013-06-14 22:00:00",503,16.34,15.86,82.5,79.33,1019.392,0,2.488,224.4,21.28,13.62
"2013-06-14 23:00:00",504,16.27,15.86,79.88,78.79,1019.642,0,3.338,216.4,17.95,13.62
"2013-06-15 00:00:00",505,16.68,15.93,80,76.2,1019.278,0,2.979,198.9,18.75,13.62
"2013-06-15 01:00:00",506,16.68,16.13,79.81,76.82,1018.673,0,4.038,212,18.14,13.62
"2013-06-15 02:00:00",507,16.47,15.66,81.6,79.47,1018.781,0,4.004,212.6,20.66,13.62
"2013-06-15 03:00:00",508,15.94,15.4,85,81.2,1019.115,0,3.98,202.9,19.99,13.62
"2013-06-15 04:00:00",509,15.74,14.79,90.2,82.6,1018.907,0,3.777,203.2,20.08,13.63
"2013-06-15 05:00:00",510,15.2,14.79,89.6,80.8,1019.158,0,3.323,206.9,22.34,13.62
"2013-06-15 06:00:00",511,15.27,14.79,82.2,78.82,1019.534,0,2.764,200.7,22.21,13.63
"2013-06-15 07:00:00",512,15.33,14.86,79.16,76.43,1019.909,0,3.255,197.9,18.5,13.62
"2013-06-15 08:00:00",513,15.2,14.31,83.4,78.82,1020.683,0,3.533,204.8,21.77,13.62
"2013-06-15 09:00:00",514,14.93,14.38,83.4,77.52,1021.038,0,2.608,202.8,24.74,13.62
"2013-06-15 10:00:00",515,15.2,14.59,77.93,73.98,1021.412,0,3.295,198.7,21.91,13.62
"2013-06-15 11:00:00",516,15.47,14.86,75.07,73.1,1021.663,0,2.86,204.9,21.88,13.62
"2013-06-15 12:00:00",517,15.6,15.06,75.48,73.15,1021.216,0,2.641,204.6,24.21,13.63
"2013-06-15 13:00:00",518,16.06,15.25,75.26,71.71,1020.393,0,2.637,222.6,24.1,13.63
"2013-06-15 14:00:00",519,16.53,15.79,72.39,67.48,1019.445,0,2.428,236.9,25.08,13.63
"2013-06-15 15:00:00",520,16.73,16.05,68.91,66.12,1019.561,0,2.703,234.4,26.93,13.63
"2013-06-15 16:00:00",521,16.67,15.79,71.78,67.76,1019.641,0,1.823,227.8,25.03,13.63
"2013-06-15 17:00:00",522,16.13,15.32,74.57,71.44,1019.779,0,1.504,209.5,24.4,13.62
"2013-06-15 18:00:00",523,15.66,15.13,74.5,72.06,1019.998,0,1.593,230.3,29.15,13.62
"2013-06-15 19:00:00",524,15.47,14.93,76.16,73.57,1020.16,0,1.493,210.8,16.6,13.63
"2013-06-15 20:00:00",525,15.27,14.11,87.5,75.75,1020.165,0,1.346,205.6,22.25,13.62
"2013-06-15 21:00:00",526,14.52,13.63,100.3,85.3,1020.432,0,1.54,188,27.33,13.62
"2013-06-15 22:00:00",527,13.84,12.75,120.1,100,1020.342,0,1.714,193,23.05,13.62
"2013-06-15 23:00:00",528,13.03,11.87,124.1,118.4,1019.981,0,1.616,195.7,18.21,13.62
"2013-06-16 00:00:00",529,12.14,10.85,130,123.8,1019.48,0.254,0.494,202.9,18.49,13.63
"2013-06-16 01:00:00",530,11.12,9.69,132.5,129.9,1018.979,0,0.973,200.3,24.33,13.62
"2013-06-16 02:00:00",531,9.97,8.6,132.7,130.9,1018.478,0,1.355,193.4,17.6,13.63
"2013-06-16 03:00:00",532,8.88,7.788,131.9,129.7,1017.977,0,1.324,191.4,15.39,13.63
"2013-06-16 04:00:00",533,8.13,7.447,130.3,128.7,1017.476,0,0.514,152.1,26.3,13.63
"2013-06-16 05:00:00",534,7.788,7.107,130.1,128.6,1016.975,0.254,0.896,154.7,36.8,13.63
"2013-06-16 06:00:00",535,7.379,6.562,132.7,129.8,1017.1,0.254,1.112,187.3,18.19,13.62
"2013-06-16 07:00:00",536,6.903,6.018,132.9,132,1017.225,0,0.336,214.4,23.39,13.62
"2013-06-16 08:00:00",537,6.222,5.473,133.2,132.4,1017.476,0.254,0.356,150.1,22.52,13.62
"2013-06-16 09:00:00",538,5.745,5.125,133.7,130.5,1017.656,0,0.156,167.4,28.4,13.63
"2013-06-16 10:00:00",539,5.994,5.057,131.2,126.3,1017.639,0.508,0.203,174.6,31.69,13.63
"2013-06-16 11:00:00",540,6.539,5.654,129.9,125.9,1017.479,0.254,0.65,204.5,22.86,13.63
"2013-06-16 12:00:00",541,7.89,6.26,127.8,119.4,1016.437,0,0.171,199,23.2,13.63
"2013-06-16 13:00:00",542,9.12,7.619,121.2,117.3,1015.419,0.508,0.262,38.4,20.97,13.63
"2013-06-16 14:00:00",543,10.94,8.84,123.1,110.9,1014.993,0,0.2,45.58,45.91,13.63
"2013-06-16 15:00:00",544,11.82,10.67,114.8,108.3,1014.54,0,0.931,3.076,24.73,13.63
"2013-06-16 16:00:00",545,11.9,11.48,116.6,109,1014.368,0,0.928,15.72,22.68,13.63
"2013-06-16 17:00:00",546,11.76,10.41,127.1,116.2,1014.255,0,1.104,24.61,23.56,13.63
"2013-06-16 18:00:00",547,10.62,8.99,129.8,126.9,1014.009,0.254,0.996,30.06,28.27,13.62
"2013-06-16 19:00:00",548,9.26,7.981,133.6,129.3,1014.249,0.762,1.346,39.39,20.07,13.62
"2013-06-16 20:00:00",549,8.25,6.963,134.8,133.3,1014.149,1.27,1.388,40.71,20.61,13.63
"2013-06-16 21:00:00",550,7.235,5.329,135.2,134.5,1014.149,0.762,1.908,34.87,20.11,13.63
"2013-06-16 22:00:00",551,5.533,2.743,135,134.2,1014.399,1.016,1.997,33.73,21.32,13.63
"2013-06-16 23:00:00",552,3.015,2.132,134.9,133.9,1014.173,0.762,0.964,26.54,20.41,13.62
"2013-06-17 00:00:00",553,2.406,1.79,134.7,134.1,1014.024,0.508,0.552,31.32,16.12,13.62
"2013-06-17 01:00:00",554,2.064,1.453,135.9,134.3,1013.69,0.254,1.462,27.21,18.46,13.62
"2013-06-17 02:00:00",555,1.727,1.042,136.1,135.3,1013.275,0,0.86,17.17,20.24,13.62
"2013-06-17 03:00:00",556,1.318,0.634,136.1,135,1012.539,0,0.953,29.48,20.97,13.63
"2013-06-17 04:00:00",557,0.975,0.497,135.7,134.7,1012.654,0,0.89,27.87,25.75,13.63
"2013-06-17 05:00:00",558,0.838,0.225,135,133.9,1012.162,0,0.572,36.09,22.62,13.62
"2013-06-17 06:00:00",559,0.567,-0.046,136.4,134,1012.414,0,0.142,118.5,19.48,13.62
"2013-06-17 07:00:00",560,0.228,-0.454,136.4,135.2,1013.179,0,0.194,136.7,16.37,13.62
"2013-06-17 08:00:00",561,-0.113,-0.864,136.5,135.2,1013.902,0,0.399,165.4,15.67,13.62
"2013-06-17 09:00:00",562,-0.196,-1,136.4,132.7,1014.514,0,0.732,202.7,23.09,13.62
"2013-06-17 10:00:00",563,5.263,-0.537,135.5,92.4,1014.782,0,1.388,218.2,31.5,13.62
"2013-06-17 11:00:00",564,11.09,5.194,94.5,78.61,1014.895,0,2.295,226.2,28.23,13.63
"2013-06-17 12:00:00",565,14.08,11.02,88.2,78.88,1014.501,0,2.615,228.8,23.97,13.6
"2013-06-17 13:00:00",566,15.69,13.74,85.2,77.64,1014.044,0,2.811,221,20.43,13.58
"2013-06-17 14:00:00",567,16.36,15.15,86.5,75.1,1013.844,0,1.913,223.3,36.06,13.52
"2013-06-17 15:00:00",568,16.56,15.48,88.1,79.36,1013.766,0,2.971,227.5,21.65,13.52
"2013-06-17 16:00:00",569,15.97,14.24,98.9,83.6,1014.514,0,3.162,235.9,23.52,13.6
"2013-06-17 17:00:00",570,14.52,13.72,103.2,91.1,1015.118,0,3.871,223.2,16.94,13.62
"2013-06-17 18:00:00",571,14.49,13.87,91.2,85.9,1015.635,0,3.773,215.4,16.12,13.62
"2013-06-17 19:00:00",572,14.23,13.62,92.7,86.5,1016.213,0.254,4.127,205.6,17.44,13.62
"2013-06-17 20:00:00",573,14.78,13.83,87.2,75.4,1016.863,0,2.371,191.1,23.37,13.62
"2013-06-17 21:00:00",574,15.26,14.44,77.79,73.22,1017.07,0,2.485,196.1,20.48,13.62
"2013-06-17 22:00:00",575,15.39,14.91,78.05,74.31,1017.318,0,2.135,170.8,23.7,13.62
"2013-06-17 23:00:00",576,15.46,14.78,90.9,76.62,1017.839,0,1.009,175.4,22.59,13.62
"2013-06-18 00:00:00",577,15.12,14.44,98.7,87.8,1017.641,0,1.77,188.8,16.35,13.63
"2013-06-18 01:00:00",578,14.99,14.38,98.8,86.4,1017.521,0,1.142,175,24.19,13.63
"2013-06-18 02:00:00",579,14.93,14.11,96.5,88.3,1017.78,0,0.755,143.3,24.31,13.63
"2013-06-18 03:00:00",580,14.38,13.84,101.3,96.2,1017.78,0,0.506,148.2,25.08,13.63
"2013-06-18 04:00:00",581,14.18,13.56,103.5,99.4,1017.906,0,0.649,169.3,22.22,13.63
"2013-06-18 05:00:00",582,13.84,13.22,108.8,103.4,1017.78,0,0.149,127.1,28.92,13.63
"2013-06-18 06:00:00",583,13.5,12.68,113.7,108.4,1018.18,0,0.116,113.4,5.079,13.62
"2013-06-18 07:00:00",584,12.96,12.61,115,113.5,1018.538,0,0.193,116.6,5.687,13.62
"2013-06-18 08:00:00",585,12.89,12.27,119.4,114.6,1018.922,0,0.002,89.3,1.477,13.62
"2013-06-18 09:00:00",586,13.55,12.48,118,102.3,1019.642,0,0.376,37.05,16.84,13.62
"2013-06-18 10:00:00",587,15.35,13.27,104.6,90,1019.982,0,1.041,24.03,29.07,13.62
"2013-06-18 11:00:00",588,16.54,15,94.8,82.1,1019.696,0,1.427,11.39,33.57,13.63
"2013-06-18 12:00:00",589,17.88,16.05,90.3,71.47,1018.865,0,1.843,18.06,26.86,13.59
"2013-06-18 13:00:00",590,18.81,17.33,79.2,65.67,1017.608,0,2.483,15.08,28.29,13.53
"2013-06-18 14:00:00",591,19.36,18.27,68.46,63.3,1016.859,0,2.488,18.35,26.51,13.58
"2013-06-18 15:00:00",592,19.36,18.74,67.11,63.57,1016.803,0,2.644,20.57,25.34,13.58
"2013-06-18 16:00:00",593,19.36,18.63,68.06,65.07,1016.5,0,2.683,23.56,22.56,13.59
"2013-06-18 17:00:00",594,18.97,17.43,73.95,66.98,1016.852,0,2.578,19.07,21.84,13.62
"2013-06-18 18:00:00",595,17.78,16.38,79.71,73.75,1016.745,0,1.706,50.48,25.22,13.61
"2013-06-18 19:00:00",596,16.66,15.92,87.2,79.44,1017.236,0,2.125,50.02,25.27,13.62
"2013-06-18 20:00:00",597,16.27,15.59,100.9,86.9,1017.012,0,1.794,42.75,22.53,13.62
"2013-06-18 21:00:00",598,15.79,14.77,113.8,100.8,1016.512,0,1.558,47.15,24.81,13.62
"2013-06-18 22:00:00",599,15.04,14.29,120,113.1,1017.013,0,0.946,45.7,32.25,13.62
"2013-06-18 23:00:00",600,14.57,13.41,122.6,119.6,1016.643,0,1.481,32.57,25.36,13.62
"2013-06-19 00:00:00",601,13.75,12.73,123.2,118.9,1016.388,0,1.501,23.93,35.62,13.62
"2013-06-19 01:00:00",602,13.41,12.73,119.2,111.6,1016.014,0,1.334,28.94,26.34,13.62
"2013-06-19 02:00:00",603,13.75,13.14,121,109.9,1016.144,0,1.615,17.87,31.73,13.62
"2013-06-19 03:00:00",604,13.55,12.59,125.5,120.7,1015.896,0.254,0.904,24.58,51.34,13.62
"2013-06-19 04:00:00",605,12.87,10.83,134.5,125.2,1015.583,4.318,1.249,43.55,36.72,13.62
"2013-06-19 05:00:00",606,11.11,8.86,135.4,133.9,1016.341,1.778,0.601,29.63,34.04,13.63
"2013-06-19 06:00:00",607,9.07,6.961,136.8,135,1016.139,3.048,0.485,31.08,26.41,13.63
"2013-06-19 07:00:00",608,7.167,5.329,136.7,133.7,1017.029,1.524,0.41,68.39,16.47,13.62
"2013-06-19 08:00:00",609,5.533,4.581,138.2,134.4,1017.405,3.81,0.293,23.72,13.65,13.62
"2013-06-19 09:00:00",610,4.853,2.809,138.4,137.2,1017.643,0.762,1.334,27.7,23.64,13.63
"2013-06-19 10:00:00",611,3.083,2.193,138.4,136.7,1017.116,1.27,1.971,20.4,26.38,13.63
"2013-06-19 11:00:00",612,2.532,2.057,137.3,135.4,1016.822,0.762,2.409,19.61,32.49,13.62
"2013-06-19 12:00:00",613,2.463,1.98,136.9,136,1016.267,0.254,1.544,16.68,32.28,13.62
"2013-06-19 13:00:00",614,2.32,1.844,136.9,134.4,1015.635,0,1.558,16.69,31.13,13.62
"2013-06-19 14:00:00",615,2.517,1.912,135.6,131.5,1015.314,0,1.415,20.66,28.17,13.62
"2013-06-19 15:00:00",616,3.462,2.177,132.4,117.5,1014.993,0,1.648,29.67,25.35,13.63
"2013-06-19 16:00:00",617,6.183,3.054,117.7,113.7,1014.993,0,1.183,21.51,34.79,13.63
"2013-06-19 17:00:00",618,6.727,5.177,132.3,110.7,1016.51,0,3.075,227.3,26.16,13.62
"2013-06-19 18:00:00",619,5.45,4.838,132.4,124.9,1016.821,0,4.098,231.4,22.09,13.62
"2013-06-19 19:00:00",620,6.282,4.912,125.4,109,1017.405,0,4.391,219.3,17.94,13.62
"2013-06-19 20:00:00",621,9.14,6.078,109.4,92.4,1017.906,0,4.344,203.7,18.8,13.62
"2013-06-19 21:00:00",622,12.41,9,93.2,84.5,1018.406,0,4.648,201.4,18.31,13.62
"2013-06-19 22:00:00",623,13.63,12.14,87.5,78.27,1018.898,0,4.401,206.3,18.05,13.63
"2013-06-19 23:00:00",624,13.97,13.36,81.6,79.15,1019.149,0,4.201,200.5,17.98,13.63
"2013-06-20 00:00:00",625,14.31,13.77,80.7,77.32,1019.158,0,4.222,204.7,16.56,13.63
"2013-06-20 01:00:00",626,14.25,13.5,91.2,78,1018.907,0,3.727,201.2,19.67,13.62
"2013-06-20 02:00:00",627,13.91,13.36,98.8,88.9,1019.534,0,3.602,186.4,19.47,13.63
"2013-06-20 03:00:00",628,13.63,12.48,112.5,98.8,1019.222,0,3.995,190.7,17.02,13.62
"2013-06-20 04:00:00",629,13.23,12.62,110.8,99.1,1019.352,0,3.959,190,16.73,13.62
"2013-06-20 05:00:00",630,12.89,11.53,126.1,110.6,1019.605,0.762,3.71,198.9,19.49,13.62
"2013-06-20 06:00:00",631,11.74,10.99,128.4,123.7,1019.297,1.016,3.644,198.4,18.4,13.62
"2013-06-20 07:00:00",632,11.94,11.06,124.1,116.2,1020.106,0.254,3.236,196,21.38,13.62
"2013-06-20 08:00:00",633,11.94,10.99,131.2,117.8,1020.988,1.778,3.37,194.7,17.84,13.62
"2013-06-20 09:00:00",634,11.26,10.31,131.9,127,1021.285,0.508,3.317,205.5,20.38,13.62
"2013-06-20 10:00:00",635,10.59,10.17,129,127.1,1021.375,0.254,3.248,207.5,20.7,13.62
"2013-06-20 11:00:00",636,10.58,9.69,132.9,127.6,1021.611,1.016,3.369,212.4,19.69,13.62
"2013-06-20 12:00:00",637,9.97,8.74,134.2,132.3,1021.234,1.27,2.785,218.6,23.49,13.62
"2013-06-20 13:00:00",638,9.01,8.4,133.9,127.6,1020.357,0.508,2.397,206.6,23.69,13.62
"2013-06-20 14:00:00",639,8.88,8.47,130.6,125.2,1019.229,1.016,2.303,207.1,17.79,13.62
"2013-06-20 15:00:00",640,9.42,8.54,125.9,120,1018.728,1.016,2.995,207.7,14.73,13.62
"2013-06-20 16:00:00",641,10.03,9.15,123.3,119.8,1018.227,0,2.219,203.3,17.31,13.62
"2013-06-20 17:00:00",642,10.37,9.76,123.7,121,1018.478,0.254,2.059,220.4,21.96,13.62
"2013-06-20 18:00:00",643,10.58,10.03,124.4,121.2,1017.726,0,1.75,218.9,24.25,13.62
"2013-06-20 19:00:00",644,10.58,10.1,126.1,122.7,1018.227,0.508,2.495,214.8,24.14,13.62
"2013-06-20 20:00:00",645,10.37,9.49,131.5,126,1017.993,1.016,2.036,225.5,26.6,13.62
"2013-06-20 21:00:00",646,9.76,9.22,130.2,124.9,1017.908,0.508,2.591,231,26.91,13.62
"2013-06-20 22:00:00",647,9.57,8.88,132.8,126,1017.421,0.508,1.766,211.2,19.85,13.62
"2013-06-20 23:00:00",648,9.16,8.07,135.5,132.5,1016.92,0.762,2.729,212.5,17.57,13.62
"2013-06-21 00:00:00",649,8.27,7.115,136,135.1,1015.793,1.778,2.898,211.6,17.9,13.62
"2013-06-21 01:00:00",650,7.387,5.549,136.7,134.8,1015.668,6.858,3.239,204.4,18.6,13.62
"2013-06-21 02:00:00",651,5.821,4.119,137,135.9,1014.29,5.08,2.386,190.3,20.7,13.62
"2013-06-21 03:00:00",652,4.391,2.621,137.5,135.9,1012.786,3.048,1.528,195.6,20.21,13.62
"2013-06-21 04:00:00",653,2.894,0.987,137.9,137.2,1012.786,2.032,0.623,203.7,18.75,13.62
"2013-06-21 05:00:00",654,1.26,0.511,137.7,136.9,1011.032,1.778,0.469,159.4,32.14,13.62
"2013-06-21 06:00:00",655,0.851,0.443,137.2,136.5,1011.784,0.254,0.695,145.3,61.26,13.62
"2013-06-21 07:00:00",656,0.851,0.306,137.4,136.8,1011.659,0.254,0.195,136.6,29.84,13.62
"2013-06-21 08:00:00",657,0.647,0.236,137.6,136.5,1011.529,0.254,0.275,46.18,28.82,13.62
"2013-06-21 09:00:00",658,0.845,0.234,137.8,134.5,1010.22,2.032,1.361,37.56,22.67,13.62
"2013-06-21 10:00:00",659,0.912,0.436,136.9,134.2,1010.712,1.524,1.421,35.08,34.86,13.62
"2013-06-21 11:00:00",660,1.112,0.64,137.5,135.9,1010.279,1.016,0.873,29.84,30.4,13.62
"2013-06-21 12:00:00",661,1.111,0.566,136.9,135.7,1009.027,0.762,1.944,36.98,27.23,13.62
"2013-06-21 13:00:00",662,0.91,0.565,137.2,135.3,1007.261,1.524,1.891,32.54,29.56,13.62
"2013-06-21 14:00:00",663,1.041,0.497,136.3,133.9,1006.76,0.508,1.32,17.26,46.67,13.62
"2013-06-21 15:00:00",664,1.041,0.633,137.5,134,1005.758,2.286,0.989,4.787,52.25,13.62
"2013-06-21 16:00:00",665,1.246,0.769,137.4,134.1,1004.882,1.27,2.967,23.87,34.05,13.63
"2013-06-21 17:00:00",666,1.177,0.701,136.3,134.8,1004.881,2.032,2.428,6.42,54.66,13.63
"2013-06-21 18:00:00",667,1.176,0.429,137.6,136.1,1005.006,2.794,3.084,18.49,34.97,13.63
"2013-06-21 19:00:00",668,0.769,0.293,138,136.9,1004.631,1.016,2.715,18.05,36.98,13.62
"2013-06-21 20:00:00",669,0.767,0.359,138.2,135.9,1004.691,0,2.829,21.97,39.02,13.63
"2013-06-21 21:00:00",670,0.832,0.35,138.7,135.6,1004.035,0,2.688,33.54,31.33,13.62
"2013-06-21 22:00:00",671,0.756,0.347,138.4,133.7,1004.249,0,1.807,32.72,38.27,13.63
"2013-06-21 23:00:00",672,0.756,0.279,134.1,129.2,1004.874,0,1.018,349.4,78.09,13.62
"2013-06-22 00:00:00",673,7.226,0.28,129.2,60.09,1005.68,0,1.563,341.7,44.03,13.63
"2013-06-22 01:00:00",674,10.98,7.09,63.3,60.02,1005.869,0,1.204,322.9,43.46,13.63
"2013-06-22 02:00:00",675,11.45,10.77,72.96,62,1006.135,0,0.328,335.6,56.42,13.63
"2013-06-22 03:00:00",676,12.07,10.57,76.16,65.55,1006.06,0,0.903,27.17,29.91,13.62
"2013-06-22 04:00:00",677,13.03,11.8,66.78,58,1005.827,0,1.19,343.8,35.41,13.62
"2013-06-22 05:00:00",678,13.23,12.75,59.9,56.02,1006.702,0,0.989,323.2,56.38,13.62
"2013-06-22 06:00:00",679,13.85,12.89,58.47,51.8,1007.67,0,1.573,312.5,54.8,13.62
"2013-06-22 07:00:00",680,13.64,12.89,60.31,55.34,1008.456,0,1.032,348.2,56.57,13.62
"2013-06-22 08:00:00",681,13.64,12.62,62.15,57.66,1009.585,0,1.365,18.01,30.7,13.62
"2013-06-22 09:00:00",682,14.72,12.96,60.18,53.91,1010.628,0,1.405,17.21,29.02,13.62
"2013-06-22 10:00:00",683,16.36,14.44,56.54,46.64,1012.212,0,1.161,21.43,40.06,13.63
"2013-06-22 11:00:00",684,17.61,15.67,52.87,42.18,1013.155,0,0.778,43.72,64.54,13.53
"2013-06-22 12:00:00",685,18.05,17.05,48.07,41.15,1013.095,0,1.093,217.3,43.66,13.46
"2013-06-22 13:00:00",686,19.11,17.5,47.05,38.62,1012.455,0,0.836,313.3,83.6,13.4
"2013-06-22 14:00:00",687,19.38,18.03,47.37,39.09,1012.33,0,1.177,156.6,87.5,13.4
"2013-06-22 15:00:00",688,19.45,17.89,49.95,39.63,1012.515,0,1.411,121,47.88,13.4
"2013-06-22 16:00:00",689,18.85,17.64,54.58,42.36,1013.219,0,2.099,110.2,24,13.45
"2013-06-22 17:00:00",690,17.91,15.17,66.25,52.82,1014.093,0,2.441,110.8,19.14,13.52
"2013-06-22 18:00:00",691,15.52,13.94,72.83,66.12,1015.118,0,3.333,113.2,19,13.62
"2013-06-22 19:00:00",692,14.43,13.75,70.35,61.37,1016.638,0,2.257,132.5,30.59,13.61
"2013-06-22 20:00:00",693,13.95,12.88,76.71,64.64,1017.403,0,1.339,152,22.45,13.62
"2013-06-22 21:00:00",694,13.02,11.73,89.4,76.43,1017.921,0,0.564,121.4,17.53,13.62
"2013-06-22 22:00:00",695,11.94,10.78,101,89,1018.603,0,0.535,123.2,21.23,13.62
"2013-06-22 23:00:00",696,11.06,9.97,115.4,97.3,1019.175,0,0.567,131.2,21.07,13.62
"2013-06-23 00:00:00",697,10.25,9.09,124.3,115.1,1019.565,0,0.745,122.9,16.17,13.62
"2013-06-23 01:00:00",698,9.36,8.29,128.5,124.1,1019.945,0,0.319,118.8,21.89,13.62
"2013-06-23 02:00:00",699,8.63,8.15,129.7,116.5,1020.07,0,0.821,143.8,22.62,13.62
"2013-06-23 03:00:00",700,8.9,8.15,116.9,108.2,1020.07,0,0.811,122.2,23.8,13.62
"2013-06-23 04:00:00",701,8.97,8.49,111.6,106.9,1020.363,0,0.385,116.9,14.5,13.62
"2013-06-23 05:00:00",702,8.98,8.37,117.2,111.4,1020.521,0,0.331,127.2,29.4,13.62
"2013-06-23 06:00:00",703,8.85,8.3,116,110.5,1020.947,0,0.416,124.1,23.27,13.62
"2013-06-23 07:00:00",704,8.92,8.37,116.4,110.4,1021.467,0,0.499,135.2,14.67,13.62
"2013-06-23 08:00:00",705,9.05,8.31,116.4,113.2,1022.464,0,0.553,126.2,14.62,13.62
"2013-06-23 09:00:00",706,10.88,8.78,113.6,89.9,1022.967,0,0.315,119.4,11.99,13.62
"2013-06-23 10:00:00",707,13.78,10.52,91.4,57.73,1023.735,0,0.322,207.1,47.45,13.62
"2013-06-23 11:00:00",708,14.76,13.3,61.94,54.92,1023.947,0,0.623,235.8,29.88,13.63
"2013-06-23 12:00:00",709,15.64,14.43,63.78,53.4,1023.575,0,0.903,208,77.43,13.59
"2013-06-23 13:00:00",710,16.56,15.29,63.24,49.3,1023.078,0,0.873,9.63,30.5,13.58
"2013-06-23 14:00:00",711,16.93,15.9,52.97,46.81,1021.875,0,0.8,8.7,28.05,13.59
"2013-06-23 15:00:00",712,17.68,16.38,52.64,46.33,1021.678,0,0.766,69.81,63.49,13.58
"2013-06-23 16:00:00",713,16.72,15.06,61.31,51.15,1021.876,0,1.655,110.6,28.31,13.62
"2013-06-23 17:00:00",714,15.33,13.94,71.62,60.9,1021.876,0,2.04,126.1,20.02,13.62
"2013-06-23 18:00:00",715,14.28,13.07,74.01,71.42,1022.278,0,2.357,133,16.76,13.62
"2013-06-23 19:00:00",716,13.41,12.48,75.89,70.38,1022.808,0,1.144,123.4,18.01,13.62
"2013-06-23 20:00:00",717,13.16,12.34,76.91,71.88,1023.189,0,1.138,120.2,16.12,13.62
"2013-06-23 21:00:00",718,12.96,11.6,86.1,73.92,1023.238,0,0.182,135,11.59,13.62
"2013-06-23 22:00:00",719,11.87,11.4,99.5,86,1023.502,0,0.132,126.3,10.49,13.62
"2013-06-23 23:00:00",720,12.14,11.53,99.9,87.3,1024.114,0,0.54,152.5,21.83,13.62
"2013-06-24 00:00:00",721,12.14,11.6,89.4,84.8,1023.488,0,1.046,180.1,24.23,13.63
"2013-06-24 01:00:00",722,11.87,11.26,92.4,88.6,1023.174,0,0.657,152.9,30.66,13.62
"2013-06-24 02:00:00",723,11.81,11.27,91.9,84.4,1022.433,0,0.981,129.8,27.49,13.62
"2013-06-24 03:00:00",724,11.68,10.59,117.9,85.1,1022.558,0.254,0.487,105.6,40.72,13.62
"2013-06-24 04:00:00",725,10.93,10.11,124.6,117.8,1022.699,0.762,0.693,141.9,21.08,13.62
"2013-06-24 05:00:00",726,10.38,9.37,131.2,124.3,1022.027,0.762,0.196,113.9,10.2,13.62
"2013-06-24 06:00:00",727,9.72,8.76,134.3,131,1021.776,0,0.204,139.5,10.35,13.62
"2013-06-24 07:00:00",728,9.03,8.14,134.9,133.7,1021.628,0,0.536,122.3,32.14,13.62
"2013-06-24 08:00:00",729,8.35,7.592,136,134.4,1022.182,0.254,0.197,101,23.14,13.62
"2013-06-24 09:00:00",730,7.864,6.774,136.1,134.7,1022.809,0,0.111,95,17.11,13.62
"2013-06-24 10:00:00",731,7.183,6.77,135.1,132.9,1022.862,0,0.342,83.9,22.53,13.62
"2013-06-24 11:00:00",732,7.447,6.903,133.8,132.3,1022.862,0,0.205,113.6,26.9,13.62
"2013-06-24 12:00:00",733,7.443,7.031,135.8,130.6,1022.448,0.254,0.619,9.95,43.44,13.62
"2013-06-24 13:00:00",734,7.376,6.898,136.5,135,1020.445,0.254,0.159,213.4,43.86,13.62
"2013-06-24 14:00:00",735,7.304,6.554,137.3,133.9,1020.411,0,0.492,310.5,38.49,13.62
"2013-06-24 15:00:00",736,6.964,6.215,138,135.3,1020.194,0,0.511,212.2,30.3,13.62
