codigo_estacao,data_medicao,hora_medicao,temp_instantanea,umidade,pressao,velocidade_vento,direcao_vento,nebulosidade,temp_max_00h_temp_min_12h,precipitacao_12h
83997,2020-02-01,00,19.2,79,1,011.3,0.0,14,0,27.6,,
83997,2020-02-01,12,23.4,63,1,013.8,0.0,32,0,14.6,0.0
83997,2020-02-01,18,26.7,57,1,012.0,0.0,14,1,,
83997,2020-02-02,00,20.6,85,1,011.2,0.0,5,0,30.3,,
83997,2020-02-02,12,25.6,79,1,013.2,0.0,32,4,19.8,0.0
83997,2020-02-02,18,25.8,71,1,013.2,0.0,0,6,,
83997,2020-02-03,00,22.4,86,1,013.8,0.0,0,0,28.1,,
83997,2020-02-03,12,24.6,72,1,015.6,0.0,14,4,20.0,5.5
83997,2020-02-03,18,28.0,58,1,014.8,0.0,14,3,,
83997,2020-02-04,00,23.0,84,1,015.2,0.0,14,0,28.8,,
83997,2020-02-04,12,26.0,66,1,015.4,0.0,5,5,21.5,0.0
83997,2020-02-04,18,28.0,66,1,013.2,0.0,5,6,,
83997,2020-02-05,00,23.4,83,1,013.1,0.0,5,0,30.1,,
83997,2020-02-05,12,25.9,74,1,012.7,0.0,5,9,21.7,0.0
83997,2020-02-05,18,28.7,70,1,011.1,0.0,5,8,,
83997,2020-02-06,00,23.8,85,1,011.6,0.0,5,0,30.8,,
83997,2020-02-06,12,26.6,74,1,012.8,0.0,5,8,22.6,0.0
83997,2020-02-06,18,30.4,71,1,011.9,0.0,9,6,,
83997,2020-02-07,00,24.7,91,1,012.7,0.0,9,3,31.7,,
83997,2020-02-07,12,28.4,70,1,013.0,0.0,9,3,24.2,0.0
83997,2020-02-07,18,30.7,74,1,010.7,0.0,9,4,,
83997,2020-02-08,00,24.6,91,1,010.3,0.0,9,3,28.4,,
83997,2020-02-08,12,26.1,86,1,009.6,0.0,0,9,22.7,0.0
83997,2020-02-08,18,22.3,93,1,009.8,0.0,18,10,,
83997,2020-02-09,00,20.8,83,1,009.9,0.0,18,6,24.1,,
83997,2020-02-09,12,22.4,68,1,013.1,0.0,18,5,13.0,9.7
83997,2020-02-09,18,23.0,53,1,014.6,0.0,18,3,,
83997,2020-02-10,00,17.7,75,1,015.4,0.0,18,0,25.4,,
83997,2020-02-10,12,19.7,81,1,017.4,0.0,14,9,13.4,0.0
83997,2020-02-10,18,23.9,52,1,017.1,0.0,14,6,,
83997,2020-02-11,00,18.8,82,1,017.9,0.0,0,0,25.2,,
83997,2020-02-11,12,19.6,84,1,019.8,0.0,0,9,15.1,0.9
83997,2020-02-11,18,24.9,55,1,018.7,0.0,14,5,,
83997,2020-02-12,00,18.8,93,1,018.6,0.0,5,10,26.4,,
83997,2020-02-12,12,23.5,65,1,017.5,0.0,14,4,18.3,6.3
83997,2020-02-12,18,26.1,51,1,016.3,0.0,9,3,,
83997,2020-02-13,00,21.0,75,1,015.2,0.0,9,0,28.4,,
83997,2020-02-13,12,24.6,67,1,014.2,0.0,5,4,19.2,0.0
83997,2020-02-13,18,27.7,61,1,012.3,0.0,5,5,,
83997,2020-02-14,00,22.9,79,1,010.2,0.0,9,0,27.4,,
83997,2020-02-14,12,21.6,96,1,010.4,0.0,9,10,21.3,9.8
83997,2020-02-14,18,26.9,69,1,005.9,0.0,32,5,,
83997,2020-02-15,00,21.8,91,1,006.4,0.0,0,10,29.4,,
83997,2020-02-15,12,24.9,80,1,008.0,0.0,14,3,20.6,2.4
83997,2020-02-15,18,27.6,75,1,007.0,0.0,14,3,,
83997,2020-02-16,00,23.4,91,1,006.3,0.0,14,0,35.2,,
83997,2020-02-16,12,27.3,81,1,007.9,0.0,0,1,21.9,0.0
83997,2020-02-16,18,32.1,60,1,005.8,0.0,9,3,,
83997,2020-02-17,00,25.8,86,1,005.5,0.0,9,0,32.3,,
83997,2020-02-17,12,26.7,85,1,004.4,0.0,36,9,25.0,0.0
83997,2020-02-17,18,31.9,54,1,002.3,0.0,32,8,,
83997,2020-02-18,00,26.3,88,1,001.5,0.0,5,8,27.7,,
83997,2020-02-18,12,23.6,87,1,001.0,0.0,32,8,22.9,0.0
83997,2020-02-18,18,24.7,80,1,002.8,0.0,18,6,,
83997,2020-02-19,00,20.9,76,1,006.4,0.0,18,0,27.9,,
83997,2020-02-19,12,22.4,79,1,008.8,0.0,18,5,18.7,2.2
83997,2020-02-19,18,27.3,52,1,006.8,0.0,23,4,,
83997,2020-02-20,00,20.5,88,1,006.7,0.0,0,0,23.5,,
83997,2020-02-20,12,20.9,58,1,009.9,0.0,18,9,18.7,0.0
83997,2020-02-20,18,21.5,50,1,011.2,0.0,18,8,,
83997,2020-02-21,00,16.2,69,1,013.4,0.0,0,0,21.0,,
83997,2020-02-21,12,16.7,74,1,014.2,0.0,23,6,13.1,0.0
83997,2020-02-21,18,19.8,42,1,014.6,0.0,23,9,,
83997,2020-02-22,00,14.9,75,1,016.8,0.0,23,9,22.8,,
83997,2020-02-22,12,19.3,63,1,018.7,0.0,18,5,12.3,0.6
83997,2020-02-22,18,22.1,56,1,018.4,0.0,18,4,,
83997,2020-02-23,00,16.5,85,1,018.8,0.0,0,0,26.7,,
83997,2020-02-23,12,20.4,75,1,018.7,0.0,14,6,13.1,0.0
83997,2020-02-23,18,23.3,59,1,016.2,0.0,9,8,,
83997,2020-02-24,00,18.1,79,1,014.4,0.0,0,0,28.1,,
83997,2020-02-24,12,23.3,63,1,010.7,0.0,36,3,15.9,0.0
83997,2020-02-24,18,26.6,64,1,006.2,0.0,5,4,,
83997,2020-02-25,00,21.4,86,1,004.6,0.0,5,0,30.1,,
83997,2020-02-25,12,23.4,60,1,005.1,0.0,27,1,18.5,0.0
83997,2020-02-25,18,24.3,60,1,005.4,0.0,18,5,,
83997,2020-02-26,00,18.3,72,1,008.3,0.0,18,3,23.9,,
83997,2020-02-26,12,20.5,62,1,010.3,0.0,18,0,12.7,0.0
83997,2020-02-26,18,22.8,51,1,010.3,0.0,18,4,,
83997,2020-02-27,00,17.4,71,1,011.2,0.0,0,0,29.1,,
83997,2020-02-27,12,19.1,63,1,012.7,0.0,27,0,13.2,0.0
83997,2020-02-27,18,28.5,33,1,011.2,0.0,27,3,,
83997,2020-02-28,00,21.1,59,1,012.0,0.0,5,0,32.3,,
83997,2020-02-28,12,23.1,50,1,014.3,0.0,27,0,17.3,0.0
83997,2020-02-28,18,32.3,32,1,013.1,0.0,23,3,,
83997,2020-02-29,00,22.3,79,1,014.6,0.0,14,0,29.2,,
83997,2020-02-29,12,24.0,77,1,017.8,0.0,0,3,18.3,0.0
83997,2020-02-29,18,27.9,62,1,017.0,0.0,14,1,,
83997,2020-03-01,00,21.3,91,1,017.8,0.0,14,0,30.1,,
83997,2020-03-01,12,24.1,76,1,019.8,0.0,5,3,18.4,0.0
83997,2020-03-01,18,28.5,56,1,019.0,0.0,9,1,,
83997,2020-03-02,00,21.3,86,1,019.8,0.0,9,0,28.9,,
83997,2020-03-02,12,24.1,76,1,021.1,0.0,5,4,18.9,0.0
83997,2020-03-02,18,27.0,57,1,018.7,0.0,9,4,,
83997,2020-03-03,00,21.3,77,1,019.2,0.0,9,0,28.2,,
83997,2020-03-03,12,23.9,70,1,017.9,0.0,9,3,13.1,0.0
83997,2020-03-03,18,27.2,61,1,015.1,0.0,9,3,,
83997,2020-03-04,00,21.5,87,1,015.5,0.0,9,0,27.9,,
83997,2020-03-04,12,23.6,79,1,015.6,0.0,14,4,17.9,0.0
83997,2020-03-04,18,27.1,48,1,015.2,0.0,14,1,,
83997,2020-03-05,00,20.0,82,1,018.0,0.0,14,1,27.1,,
83997,2020-03-05,12,23.5,73,1,018.3,0.0,14,5,15.3,0.0
83997,2020-03-05,18,26.3,55,1,017.5,0.0,9,3,,
83997,2020-03-06,00,20.0,93,1,017.4,0.0,14,1,26.9,,
83997,2020-03-06,12,23.9,74,1,016.8,0.0,5,4,16.9,0.0
83997,2020-03-06,18,25.9,55,1,015.0,0.0,9,3,,
83997,2020-03-07,00,19.7,80,1,014.3,0.0,9,4,28.0,,
83997,2020-03-07,12,24.0,62,1,013.5,0.0,5,3,18.3,0.0
83997,2020-03-07,18,27.4,55,1,010.0,0.0,5,5,,
83997,2020-03-08,00,21.1,86,1,009.9,0.0,5,3,33.6,,
83997,2020-03-08,12,24.3,77,1,010.3,0.0,5,3,19.0,0.0
83997,2020-03-08,18,33.1,44,1,008.4,0.0,32,4,,
83997,2020-03-09,00,23.4,90,1,009.8,0.0,5,3,29.7,,
83997,2020-03-09,12,24.9,81,1,011.2,0.0,32,9,21.4,0.0
83997,2020-03-09,18,28.1,65,1,012.3,0.0,14,5,,
83997,2020-03-10,00,22.1,88,1,015.9,0.0,14,5,26.3,,
83997,2020-03-10,12,20.9,82,1,017.4,0.0,14,10,20.3,0.0
83997,2020-03-10,18,24.0,61,1,016.7,0.0,9,9,,
83997,2020-03-11,00,20.2,77,1,016.2,0.0,9,1,26.1,,
83997,2020-03-11,12,22.6,70,1,014.7,0.0,5,10,19.7,0.6
83997,2020-03-11,18,25.3,68,1,011.9,0.0,5,10,,
83997,2020-03-12,00,22.7,87,1,011.2,0.0,5,9,32.1,,
83997,2020-03-12,12,25.0,79,1,009.0,0.0,36,5,21.8,0.3
83997,2020-03-12,18,31.6,49,1,008.7,0.0,23,4,,
83997,2020-03-13,00,22.2,92,1,011.5,0.0,14,0,31.7,,
83997,2020-03-13,12,23.9,78,1,014.6,0.0,14,4,20.1,0.0
83997,2020-03-13,18,27.4,66,1,013.9,0.0,9,1,,
83997,2020-03-14,00,21.8,75,1,013.0,0.0,9,0,29.3,,
83997,2020-03-14,12,24.1,87,1,010.6,0.0,5,10,21.1,0.0
83997,2020-03-14,18,28.0,62,1,010.4,0.0,23,10,,
83997,2020-03-15,00,21.9,88,1,012.3,0.0,23,10,23.0,,
83997,2020-03-15,12,21.5,75,1,013.6,0.0,18,10,19.9,0.8
83997,2020-03-15,18,22.1,68,1,014.0,0.0,18,10,,
83997,2020-03-16,00,19.1,81,1,015.2,0.0,0,10,25.9,,
83997,2020-03-16,12,22.2,63,1,015.1,0.0,14,3,13.5,0.0
83997,2020-03-16,18,24.5,54,1,013.6,0.0,9,5,,
83997,2020-03-17,00,17.9,80,1,014.2,0.0,9,0,26.5,,
83997,2020-03-17,12,23.2,61,1,014.7,0.0,0,1,13.5,0.0
83997,2020-03-17,18,25.7,52,1,012.2,0.0,9,4,,
83997,2020-03-18,00,21.1,80,1,013.1,0.0,9,0,23.1,,
83997,2020-03-18,12,22.8,70,1,010.8,0.0,9,10,19.7,0.0
83997,2020-03-18,18,21.6,96,1,007.2,0.0,5,10,,
83997,2020-03-19,00,20.7,96,1,005.6,0.0,18,8,26.3,,
83997,2020-03-19,12,20.9,86,1,005.8,0.0,32,9,18.6,6.1
83997,2020-03-19,18,20.1,74,1,004.0,0.0,23,10,,
83997,2020-03-20,00,18.2,83,1,005.1,0.0,23,1,25.4,,
83997,2020-03-20,12,20.1,88,1,009.2,0.0,23,3,16.0,4.2
83997,2020-03-20,18,24.9,58,1,009.0,0.0,18,3,,
83997,2020-03-21,00,18.4,84,1,009.9,0.0,0,0,29.0,,
83997,2020-03-21,12,20.5,75,1,011.9,0.0,27,0,17.1,0.0
83997,2020-03-21,18,27.5,49,1,010.8,0.0,14,1,,
83997,2020-03-22,00,19.3,82,1,013.0,0.0,9,0,30.5,,
83997,2020-03-22,12,22.8,77,1,016.8,0.0,0,0,15.3,0.0
83997,2020-03-22,18,28.9,37,1,015.9,0.0,9,3,,
83997,2020-03-23,00,23.3,63,1,017.8,0.0,9,0,28.1,,
83997,2020-03-23,12,22.5,84,1,019.0,0.0,0,1,16.3,0.0
83997,2020-03-23,18,27.2,57,1,016.8,0.0,9,4,,
83997,2020-03-24,00,21.9,88,1,017.2,0.0,9,0,30.1,,
83997,2020-03-24,12,23.3,76,1,017.0,0.0,9,0,19.8,0.0
83997,2020-03-24,18,29.0,57,1,013.6,0.0,9,1,,
83997,2020-03-25,00,21.3,92,1,014.3,0.0,9,0,31.5,,
83997,2020-03-25,12,22.6,81,1,013.4,0.0,5,4,18.2,0.0
83997,2020-03-25,18,30.5,52,1,011.1,0.0,9,3,,
83997,2020-03-26,00,21.6,94,1,013.6,0.0,9,1,27.1,,
83997,2020-03-26,12,23.1,90,1,014.8,0.0,0,5,19.3,0.0
83997,2020-03-26,18,25.8,65,1,014.2,0.0,14,6,,
83997,2020-03-27,00,20.7,91,1,015.0,0.0,9,4,27.8,,
83997,2020-03-27,12,24.0,78,1,014.2,0.0,9,6,19.9,0.0
83997,2020-03-27,18,26.6,63,1,013.0,0.0,9,8,,
83997,2020-03-28,00,22.5,87,1,013.2,0.0,9,0,28.7,,
83997,2020-03-28,12,24.3,73,1,013.0,0.0,9,8,20.6,0.0
83997,2020-03-28,18,26.4,67,1,011.4,0.0,9,8,,
83997,2020-03-29,00,22.7,90,1,012.3,0.0,5,0,29.8,,
83997,2020-03-29,12,23.5,91,1,012.6,0.0,0,10,21.7,0.0
83997,2020-03-29,18,29.5,63,1,011.9,0.0,0,6,,
83997,2020-03-30,00,22.6,91,1,013.6,0.0,0,3,27.6,,
83997,2020-03-30,12,23.9,82,1,014.2,0.0,14,4,20.6,0.0
83997,2020-03-30,18,26.7,66,1,013.2,0.0,14,4,,
83997,2020-03-31,00,22.1,92,1,013.9,0.0,14,8,24.0,,
83997,2020-03-31,12,21.8,89,1,015.6,0.0,14,9,21.4,0.0
83997,2020-03-31,18,23.1,67,1,015.5,0.0,9,9,,
83997,2020-04-01,00,20.3,78,1,016.6,0.0,9,1,24.6,,
83997,2020-04-01,12,21.3,86,1,015.0,0.0,9,10,19.4,1.4
83997,2020-04-01,18,23.1,88,1,011.2,0.0,5,10,,
83997,2020-04-02,00,21.3,95,1,010.0,0.0,5,8,22.7,,
83997,2020-04-02,12,19.4,73,1,006.4,0.0,23,3,19.0,18.4
83997,2020-04-02,18,21.9,56,1,005.2,0.0,23,5,,
83997,2020-04-03,00,17.5,67,1,005.5,0.0,23,3,23.5,,
83997,2020-04-03,12,19.9,71,1,009.9,0.0,18,4,16.6,2.6
83997,2020-04-03,18,22.9,50,1,011.0,0.0,18,3,,
83997,2020-04-04,00,16.0,80,1,011.2,0.0,0,0,25.3,,
83997,2020-04-04,12,16.7,86,1,011.5,0.0,23,0,12.1,0.0
83997,2020-04-04,18,24.6,45,1,009.5,0.0,0,1,,
83997,2020-04-05,00,18.3,76,1,010.6,0.0,5,0,27.4,,
83997,2020-04-05,12,20.2,78,1,011.5,0.0,36,3,14.9,0.0
83997,2020-04-05,18,27.1,44,1,009.1,0.0,36,3,,
83997,2020-04-06,00,20.1,75,1,009.8,0.0,5,9,27.9,,
83997,2020-04-06,12,19.9,84,1,009.2,0.0,27,3,18.3,0.0
83997,2020-04-06,18,23.4,61,1,010.2,0.0,18,1,,
83997,2020-04-07,00,13.7,65,1,015.8,0.0,23,3,19.9,,
83997,2020-04-07,12,14.0,67,1,018.4,0.0,23,3,10.1,0.0
83997,2020-04-07,18,19.7,35,1,017.1,0.0,23,4,,
83997,2020-04-08,00,12.5,71,1,018.7,0.0,23,3,21.2,,
83997,2020-04-08,12,14.2,77,1,019.9,0.0,23,9,9.7,0.0
83997,2020-04-08,18,20.4,55,1,018.0,0.0,23,4,,
83997,2020-04-09,00,14.7,83,1,019.0,0.0,23,5,21.7,,
83997,2020-04-09,12,15.8,86,1,017.8,0.0,23,4,11.3,0.9
83997,2020-04-09,18,20.3,56,1,017.1,0.0,14,9,,
83997,2020-04-10,00,16.1,93,1,018.0,0.0,18,5,22.7,,
83997,2020-04-10,12,17.5,91,1,017.9,0.0,14,6,11.8,2.5
83997,2020-04-10,18,20.6,67,1,017.2,0.0,14,5,,
83997,2020-04-11,00,16.7,86,1,017.8,0.0,14,3,23.8,,
83997,2020-04-11,12,17.8,92,1,017.5,0.0,0,8,13.5,1.6
83997,2020-04-11,18,22.7,45,1,016.4,0.0,14,3,,
83997,2020-04-12,00,16.8,85,1,017.2,0.0,14,0,24.6,,
83997,2020-04-12,12,17.5,94,1,017.9,0.0,0,1,11.9,0.0
83997,2020-04-12,18,22.5,52,1,015.2,0.0,9,8,,
83997,2020-04-13,00,17.3,86,1,015.4,0.0,9,0,24.4,,
83997,2020-04-13,12,19.4,80,1,010.3,0.0,9,9,15.9,0.0
83997,2020-04-13,18,23.5,69,1,008.4,0.0,5,9,,
83997,2020-04-14,00,19.3,96,1,005.8,0.0,5,10,,,