codigo_estacao,data,hora,temp_inst,temp_max,temp_min,umid_inst,umid_max,umid_min,pto_orvalho_inst,pto_orvalho_max,pto_orvalho_min,pressao,pressao_max,pressao_min,vento_vel,vento_direcao, vento_rajada,radiacao,precipitacao
A806,01/01/2020,00,26.3,26.6,26.3,75,77,73,21.6,21.9,21.3,1008.5,1008.7,1007.7,3.1,351,6.1,-2.63,0.0
A806,01/01/2020,01,26.5,26.5,26.3,74,76,74,21.5,21.8,21.5,1009.3,1009.5,1008.5,2.0,353,6.1,-2.45,0.0
A806,01/01/2020,02,26.2,26.5,26.2,75,75,74,21.4,21.6,21.3,1008.6,1009.3,1008.5,3.1,360,7.4,-1.99,0.0
A806,01/01/2020,03,26.2,26.3,26.2,76,76,75,21.6,21.6,21.4,1007.9,1008.6,1007.9,2.3,358,6.7,-2.04,0.0
A806,01/01/2020,04,25.4,26.2,25.4,80,80,76,21.7,21.7,21.4,1007.4,1007.9,1007.4,3.4,347,7.9,-2.58,0.0
A806,01/01/2020,05,25.4,25.4,25.3,82,82,80,22.0,22.1,21.7,1006.5,1007.4,1006.5,2.3,3,7.9,-2.76,0.0
A806,01/01/2020,06,25.7,25.7,25.4,78,82,78,21.6,22.2,21.6,1006.3,1006.5,1006.3,1.9,336,5.6,-2.13,0.0
A806,01/01/2020,07,25.6,25.8,25.6,77,78,76,21.2,21.6,21.2,1005.8,1006.3,1005.8,1.7,337,5.0,-2.55,0.0
A806,01/01/2020,08,25.7,25.7,25.6,78,78,76,21.4,21.4,21.2,1005.6,1005.9,1005.6,1.4,337,3.8,-3.06,0.0
A806,01/01/2020,09,25.7,25.7,25.5,78,79,78,21.6,21.6,21.4,1005.7,1005.7,1005.6,2.2,348,4.6,12.26,0.0
A806,01/01/2020,10,25.9,26.0,25.6,78,79,76,21.6,21.6,21.3,1005.8,1005.8,1005.5,2.5,359,6.0,154.7,0.0
A806,01/01/2020,11,26.3,26.3,25.8,75,78,75,21.6,21.8,21.2,1006.1,1006.1,1005.8,2.5,348,6.0,319.4,0.0
A806,01/01/2020,12,27.3,27.3,26.3,71,75,71,21.7,21.9,21.4,1005.8,1006.2,1005.8,2.6,358,4.9,875.1,0.0
A806,01/01/2020,13,29.7,29.7,27.4,62,72,62,21.7,22.2,21.3,1005.5,1005.9,1005.5,1.9,27,4.8,1997.,0.0
A806,01/01/2020,14,30.0,30.3,29.2,61,65,60,21.6,22.3,21.2,1005.1,1005.5,1005.0,2.0,3,4.8,2202.,0.0
A806,01/01/2020,15,32.4,32.5,30.1,54,61,54,21.8,22.2,21.0,1004.7,1005.1,1004.7,2.1,17,5.5,3697.,0.0
A806,01/01/2020,16,31.8,33.2,31.4,56,57,52,22.0,22.7,21.3,1004.0,1004.7,1004.0,2.4,7,5.8,3922.,0.0
A806,01/01/2020,17,27.9,31.8,27.9,75,75,56,23.0,23.5,21.8,1003.3,1004.0,1003.3,3.2,352,7.2,1004.,0.0
A806,01/01/2020,18,27.3,28.5,27.3,76,76,73,22.7,23.7,22.7,1002.9,1003.3,1002.9,2.2,11,7.4,639.8,0.0
A806,01/01/2020,19,25.6,27.4,25.3,84,84,76,22.6,23.3,22.2,1002.9,1004.2,1002.8,1.6,326,6.0,211.0,1.0
A806,01/01/2020,20,26.6,26.9,25.5,76,84,76,22.0,23.0,21.9,1002.9,1002.9,1002.3,1.1,288,5.1,775.0,0.0
A806,01/01/2020,21,25.6,26.9,25.6,81,81,76,22.0,23.1,22.0,1004.6,1004.6,1002.8,1.8,316,5.7,163.6,0.2
A806,01/01/2020,22,24.9,25.6,24.9,84,84,80,21.9,22.3,21.6,1005.4,1005.7,1004.6,0.9,319,5.7,5.342,1.8
A806,01/01/2020,23,24.5,24.9,24.3,86,87,84,22.0,22.5,21.8,1005.2,1005.5,1004.9,1.1,292,3.4,0.344,0.4
A806,02/01/2020,00,24.1,24.5,24.0,87,87,86,21.7,22.1,21.5,1005.6,1005.6,1005.1,1.4,281,4.5,-2.88,0.0
A806,02/01/2020,01,24.3,24.5,24.0,85,86,85,21.7,21.9,21.5,1006.0,1006.1,1005.6,0.5,328,2.7,-1.52,0.0
A806,02/01/2020,02,25.1,25.2,24.4,84,86,83,22.1,22.3,21.6,1006.6,1006.8,1006.0,4.6,151,9.8,-0.44,0.0
A806,02/01/2020,03,24.4,25.4,24.4,82,85,81,21.2,22.6,21.1,1006.0,1006.7,1006.0,1.3,232,9.2,-3.21,0.8
A806,02/01/2020,04,23.4,24.4,23.4,89,89,82,21.5,21.7,21.3,1005.1,1006.0,1005.1,2.4,292,4.3,-2.96,2.0
A806,02/01/2020,05,23.5,23.6,23.2,87,89,87,21.2,21.4,21.2,1004.1,1005.1,1004.0,2.1,290,7.5,-3.20,0.4
A806,02/01/2020,06,23.7,23.8,23.4,86,87,85,21.2,21.3,21.0,1003.8,1004.1,1003.7,0.3,243,4.8,-2.88,0.4
A806,02/01/2020,07,23.9,24.3,23.6,85,86,85,21.3,21.9,21.1,1004.4,1004.4,1003.8,0.7,100,6.9,-2.64,0.0
A806,02/01/2020,08,23.6,23.9,23.5,85,88,85,21.0,21.5,21.0,1005.5,1005.5,1004.4,1.4,241,4.9,-3.53,0.0
A806,02/01/2020,09,24.1,24.1,23.4,85,86,82,21.4,21.4,20.8,1006.3,1006.3,1005.5,0.8,175,3.8,30.20,0.0
A806,02/01/2020,10,24.4,24.9,24.1,82,85,82,21.1,21.7,21.1,1007.3,1007.3,1006.3,4.5,150,9.5,269.6,0.0
A806,02/01/2020,11,24.8,24.9,24.4,81,83,80,21.2,21.6,21.0,1007.9,1007.9,1007.3,4.6,160,10.4,634.3,0.0
A806,02/01/2020,12,25.4,25.4,24.7,78,81,77,21.2,21.3,20.7,1008.4,1008.5,1007.9,4.9,156,10.9,1158.,0.0
A806,02/01/2020,13,25.5,25.7,25.2,76,78,75,20.9,21.4,20.7,1008.9,1008.9,1008.4,5.4,148,11.2,1604.,0.0
A806,02/01/2020,14,26.4,26.5,25.3,69,77,69,20.3,21.3,20.2,1008.9,1009.0,1008.8,4.8,153,11.9,2223.,0.0
A806,02/01/2020,15,26.2,26.6,26.0,72,73,69,20.8,21.0,20.2,1009.1,1009.2,1008.9,5.9,148,12.7,2003.,0.0
A806,02/01/2020,16,28.7,28.8,26.1,58,73,58,19.7,21.0,19.2,1008.9,1009.1,1008.9,4.8,153,10.9,2862.,0.0
A806,02/01/2020,17,25.9,29.4,25.9,72,73,52,20.4,21.3,18.3,1009.1,1009.2,1008.8,7.1,152,12.7,2583.,0.0
A806,02/01/2020,18,27.2,27.4,25.7,66,75,65,20.3,21.0,20.0,1009.3,1009.5,1009.0,5.2,163,13.9,1796.,0.0
A806,02/01/2020,19,25.7,27.5,25.7,71,75,65,20.0,21.5,20.0,1008.7,1009.3,1008.7,6.1,154,12.6,2570.,0.0
A806,02/01/2020,20,25.4,26.1,25.4,72,73,70,20.1,20.6,19.9,1009.3,1009.3,1008.7,5.3,155,12.6,1310.,0.0
A806,02/01/2020,21,24.7,25.6,24.7,75,75,72,19.9,20.6,19.7,1010.0,1010.1,1009.2,6.4,151,13.5,634.2,0.0
A806,02/01/2020,22,24.0,24.9,24.0,79,79,73,20.2,20.5,19.5,1011.0,1011.0,1010.0,6.1,158,13.3,193.5,0.0
A806,02/01/2020,23,23.7,24.0,23.4,77,83,77,19.4,20.6,19.4,1011.6,1011.6,1011.0,4.5,162,12.8,5.874,0.0
A806,03/01/2020,00,23.3,24.0,22.7,81,86,77,19.9,20.5,19.5,1012.5,1012.5,1011.5,4.8,165,12.2,-2.54,0.2
A806,03/01/2020,01,23.3,23.6,23.0,80,82,80,19.7,20.2,19.5,1012.9,1012.9,1012.5,3.8,173,11.1,-2.75,0.0
A806,03/01/2020,02,23.3,23.8,23.1,82,83,79,20.1,20.3,19.5,1013.0,1013.1,1012.9,4.0,159,10.0,-3.18,0.0
A806,03/01/2020,03,23.6,23.6,23.2,79,83,78,19.8,20.3,19.2,1012.8,1013.0,1012.8,3.6,165,10.0,-3.53,0.0
A806,03/01/2020,04,22.7,23.7,22.4,84,85,79,19.8,20.1,19.4,1012.4,1012.8,1012.3,4.3,157,10.2,-2.78,0.4
A806,03/01/2020,05,22.1,22.9,22.0,86,87,83,19.6,20.3,19.6,1012.2,1012.5,1012.2,3.7,164,10.2,-1.87,0.6
A806,03/01/2020,06,22.0,22.7,21.8,87,87,85,19.7,20.3,19.5,1012.0,1012.3,1012.0,2.8,163,9.3,-2.57,0.4
A806,03/01/2020,07,22.4,22.6,22.0,83,87,83,19.4,19.8,19.4,1012.4,1012.4,1011.9,3.4,161,8.6,-3.08,0.0
A806,03/01/2020,08,22.5,22.7,22.4,82,84,82,19.2,19.7,19.2,1012.9,1012.9,1012.3,2.7,163,7.7,-3.47,0.0
A806,03/01/2020,09,22.5,22.8,22.2,82,85,81,19.2,19.8,19.2,1013.5,1013.5,1012.9,3.3,156,8.4,45.28,0.0
A806,03/01/2020,10,24.1,24.1,22.5,75,82,74,19.3,19.7,18.8,1014.0,1014.0,1013.4,3.6,174,8.6,509.7,0.0
A806,03/01/2020,11,23.9,24.3,23.4,74,78,73,19.0,19.7,18.8,1014.6,1014.6,1014.0,4.2,166,9.6,1373.,0.0
A806,03/01/2020,12,24.7,24.9,23.9,74,77,73,19.7,20.3,18.9,1015.0,1015.0,1014.6,3.8,155,9.1,2265.,0.0
A806,03/01/2020,13,24.0,24.7,23.0,72,78,72,18.6,19.8,18.4,1015.7,1015.7,1015.0,4.4,168,11.1,2141.,0.0
A806,03/01/2020,14,24.5,24.8,23.2,76,80,68,20.1,20.2,18.4,1015.6,1015.8,1015.5,3.1,171,9.4,2490.,0.0
A806,03/01/2020,15,25.9,26.6,23.9,70,80,68,20.1,21.5,19.6,1015.3,1015.7,1015.3,4.4,162,9.9,3053.,0.0
A806,03/01/2020,16,25.8,26.6,25.7,73,74,68,20.5,20.9,19.7,1015.1,1015.3,1015.0,5.1,164,11.1,3863.,0.0
A806,03/01/2020,17,25.9,26.5,25.6,71,74,70,20.2,21.1,20.0,1014.5,1015.1,1014.5,5.1,158,10.4,3867.,0.0
A806,03/01/2020,18,26.3,26.4,25.7,67,72,66,19.8,20.8,19.6,1014.1,1014.5,1014.1,4.8,160,11.1,3439.,0.0
A806,03/01/2020,19,25.1,26.7,25.1,73,73,65,20.0,20.2,18.5,1013.6,1014.1,1013.6,4.5,154,9.6,2260.,0.0
A806,03/01/2020,20,23.8,25.1,23.6,75,76,72,19.2,20.0,18.9,1013.9,1013.9,1013.5,5.2,134,11.3,1243.,0.0
A806,03/01/2020,21,23.8,24.2,23.6,79,80,73,20.0,20.4,18.5,1013.6,1013.9,1013.4,2.9,142,7.9,694.2,0.0
A806,03/01/2020,22,22.5,23.8,22.3,89,89,79,20.6,20.6,19.8,1013.8,1013.8,1013.5,2.1,183,7.1,123.0,4.4
A806,03/01/2020,23,23.6,23.7,22.4,85,89,85,20.9,21.1,20.4,1014.1,1014.1,1013.8,5.2,137,9.4,8.179,1.0
A806,04/01/2020,00,23.3,23.8,22.7,87,89,83,21.0,21.2,20.4,1014.4,1014.4,1014.1,4.5,138,10.2,1.721,2.8
A806,04/01/2020,01,23.8,24.0,23.0,80,87,79,20.1,21.0,20.1,1014.7,1014.8,1014.4,5.0,137,11.0,1.924,0.8
A806,04/01/2020,02,24.1,24.1,23.6,77,80,75,19.7,20.3,19.3,1014.7,1014.9,1014.7,4.6,120,10.5,1.598,0.0
A806,04/01/2020,03,24.0,24.2,23.5,74,80,74,19.0,20.1,19.0,1013.9,1014.7,1013.9,5.0,123,11.1,-2.51,0.0
A806,04/01/2020,04,24.0,24.2,23.9,76,77,73,19.5,19.6,18.7,1013.3,1013.9,1013.3,4.9,137,11.1,-1.36,0.0
A806,04/01/2020,05,23.6,24.0,23.4,78,79,75,19.6,19.7,19.3,1012.8,1013.3,1012.7,3.2,148,7.9,-3.02,0.0
A806,04/01/2020,06,23.0,23.8,23.0,82,82,78,19.7,20.0,19.5,1012.2,1012.8,1012.2,2.2,160,7.9,-2.80,0.6
A806,04/01/2020,07,23.2,23.4,23.0,81,83,81,19.9,20.1,19.8,1011.8,1012.2,1011.7,3.5,163,7.3,-0.91,0.0
A806,04/01/2020,08,23.2,23.4,22.9,83,83,81,20.1,20.2,19.7,1012.1,1012.1,1011.7,3.1,163,7.4,-1.47,0.0
A806,04/01/2020,09,23.4,23.9,23.0,78,83,76,19.3,20.3,18.7,1012.4,1012.4,1011.9,4.1,124,10.2,28.86,0.0
A806,04/01/2020,10,24.3,24.3,23.3,76,80,76,19.9,20.3,19.1,1012.9,1012.9,1012.4,4.0,122,10.2,280.5,0.0
A806,04/01/2020,11,24.6,24.8,24.2,75,77,72,19.9,20.1,19.0,1013.2,1013.3,1012.9,4.6,123,9.4,661.4,0.0
A806,04/01/2020,12,24.8,25.1,24.1,74,78,73,19.9,20.3,19.7,1013.2,1013.4,1013.1,4.2,120,9.4,752.3,0.2
A806,04/01/2020,13,25.6,26.2,24.6,71,76,70,19.9,20.9,19.3,1013.3,1013.4,1013.1,4.1,123,10.7,1729.,0.0
A806,04/01/2020,14,25.9,25.9,25.0,70,74,69,20.1,20.5,19.3,1013.2,1013.5,1013.2,4.5,123,9.9,1349.,0.0
A806,04/01/2020,15,25.7,25.9,24.9,71,76,70,20.1,20.4,19.5,1012.7,1013.2,1012.7,5.6,132,9.0,1585.,0.0
A806,04/01/2020,16,24.9,25.7,24.0,75,80,70,20.1,20.9,19.3,1012.8,1012.9,1012.7,4.4,124,10.0,964.8,0.2
A806,04/01/2020,17,26.3,26.3,24.7,70,75,69,20.3,20.5,19.6,1012.3,1012.8,1012.3,3.3,123,9.9,1477.,0.0
A806,04/01/2020,18,25.7,26.3,25.3,72,73,67,20.2,20.4,19.5,1011.9,1012.3,1011.9,4.8,131,7.8,1573.,0.0
A806,04/01/2020,19,25.7,26.9,25.4,69,72,64,19.6,20.7,19.0,1011.7,1011.9,1011.4,3.7,123,7.6,1455.,0.0
A806,04/01/2020,20,25.7,26.0,25.4,69,70,67,19.6,19.8,19.1,1011.1,1011.7,1011.0,3.0,123,7.6,772.3,0.0
A806,04/01/2020,21,24.4,25.7,24.3,74,77,69,19.5,20.4,19.3,1010.9,1011.1,1010.8,3.6,122,7.0,405.0,0.2
A806,04/01/2020,22,23.6,24.6,23.6,82,82,72,20.3,20.3,19.0,1011.0,1011.0,1010.7,1.3,181,7.1,123.1,0.0
A806,04/01/2020,23,24.3,24.3,23.3,78,83,78,20.3,20.5,20.0,1010.9,1011.1,1010.8,3.1,138,6.3,0.972,0.0
A806,05/01/2020,00,24.3,24.3,23.8,77,81,77,20.0,20.6,20.0,1011.2,1011.2,1010.9,3.4,134,6.3,-1.49,0.0
A806,05/01/2020,01,22.8,24.3,22.8,83,83,75,19.7,20.2,19.1,1011.5,1011.6,1011.2,1.7,264,5.7,-1.37,0.0
A806,05/01/2020,02,21.6,22.8,21.6,87,87,83,19.3,19.7,19.3,1011.1,1011.5,1011.1,1.4,284,3.8,-2.04,0.0
A806,05/01/2020,03,21.5,21.7,21.5,87,87,86,19.3,19.4,19.1,1010.6,1011.1,1010.6,1.2,269,3.6,-2.27,0.0
A806,05/01/2020,04,21.3,21.5,21.3,88,88,87,19.2,19.3,19.2,1009.7,1010.6,1009.7,1.5,267,2.8,-3.46,0.2
A806,05/01/2020,05,21.1,21.3,21.0,88,88,87,18.9,19.2,18.8,1008.8,1009.7,1008.8,0.3,289,3.1,-3.51,0.0
A806,05/01/2020,06,21.0,21.2,20.9,88,88,87,18.8,19.0,18.8,1008.5,1008.8,1008.5,1.6,274,3.2,-3.23,0.0
A806,05/01/2020,07,20.9,21.0,20.9,88,88,88,18.8,18.9,18.8,1008.3,1008.5,1008.2,0.3,238,3.2,-3.53,0.0
A806,05/01/2020,08,20.6,20.9,20.6,88,88,88,18.7,18.9,18.6,1008.5,1008.6,1008.3,1.3,284,3.1,-3.53,0.0
A806,05/01/2020,09,20.6,20.6,20.3,89,89,88,18.7,18.7,18.4,1009.0,1009.0,1008.4,0.4,265,2.5,26.31,0.0
A806,05/01/2020,10,22.9,22.9,20.5,81,89,81,19.3,19.7,18.6,1009.3,1009.3,1009.0,1.1,252,1.9,486.6,0.0
A806,05/01/2020,11,24.4,24.6,22.9,72,81,71,19.0,19.9,18.7,1009.8,1009.8,1009.3,1.8,254,3.6,1365.,0.0
A806,05/01/2020,12,25.2,26.0,24.2,71,73,65,19.6,19.6,18.4,1009.7,1009.8,1009.6,1.7,125,3.6,2171.,0.0
A806,05/01/2020,13,26.0,26.1,25.0,67,72,65,19.2,19.9,18.3,1009.8,1009.8,1009.7,2.2,135,3.3,3205.,0.0
A806,05/01/2020,14,26.0,26.6,25.3,66,70,64,19.2,20.2,18.3,1009.5,1009.8,1009.5,2.2,135,3.5,1586.,0.0
A806,05/01/2020,15,26.6,26.6,25.5,70,70,64,20.7,20.7,18.8,1009.1,1009.5,1009.1,2.9,123,5.0,1275.,0.0
A806,05/01/2020,16,26.9,27.9,26.3,63,70,61,19.3,20.6,19.0,1008.5,1009.1,1008.5,4.0,136,5.5,3853.,0.0
A806,05/01/2020,17,29.6,29.8,26.5,53,67,53,19.0,20.5,18.3,1007.8,1008.5,1007.8,1.8,55,5.5,2973.,0.0
A806,05/01/2020,18,27.5,30.1,27.3,61,63,51,19.3,20.3,17.8,1007.2,1007.8,1007.2,2.4,117,5.3,1729.,0.0
A806,05/01/2020,19,27.3,27.7,26.8,62,67,60,19.3,20.4,18.9,1006.3,1007.2,1006.3,2.6,116,6.6,693.6,0.0
A806,05/01/2020,20,27.4,27.7,26.5,60,65,60,19.0,20.0,18.9,1006.0,1006.3,1005.9,3.1,114,5.9,663.5,0.0
A806,05/01/2020,21,26.5,27.6,26.5,65,66,59,19.5,19.9,18.7,1006.4,1006.4,1006.0,3.0,111,5.6,1009.,0.0
A806,05/01/2020,22,25.7,26.6,25.7,68,68,64,19.3,19.9,18.9,1007.2,1007.2,1006.3,2.9,102,5.6,236.6,0.0
A806,05/01/2020,23,25.4,25.7,25.3,72,72,68,19.9,19.9,19.4,1008.0,1008.0,1007.2,1.1,33,5.6,2.940,0.0
A806,06/01/2020,00,25.1,25.4,25.0,74,74,72,20.0,20.2,19.9,1008.8,1008.8,1008.0,1.0,29,4.4,-3.46,0.0
A806,06/01/2020,01,24.4,25.1,24.4,77,77,74,20.2,20.4,20.1,1008.7,1008.9,1008.7,0.6,22,2.8,-3.53,0.0
A806,06/01/2020,02,24.1,24.8,24.1,81,81,77,20.5,20.8,20.2,1008.4,1008.7,1008.4,1.3,278,3.2,-3.31,0.0
A806,06/01/2020,03,23.2,24.1,23.2,84,84,81,20.3,20.5,20.3,1007.7,1008.5,1007.7,1.2,315,2.8,-3.41,0.0
A806,06/01/2020,04,22.6,23.2,22.6,85,85,84,19.9,20.3,19.9,1007.0,1007.7,1006.9,0.3,2,2.7,-3.53,0.0
A806,06/01/2020,05,22.1,22.7,22.1,86,86,84,19.7,20.0,19.6,1006.3,1007.0,1006.3,0.7,293,2.6,-3.54,0.0
A806,06/01/2020,06,22.0,22.1,21.9,87,87,86,19.6,19.8,19.5,1006.1,1006.3,1006.0,0.9,312,2.4,-3.54,0.0
A806,06/01/2020,07,21.8,22.1,21.7,86,87,85,19.3,19.6,19.2,1006.2,1006.2,1006.0,1.1,300,3.0,-3.54,0.0
A806,06/01/2020,08,21.6,21.8,21.3,86,88,86,19.2,19.4,19.0,1006.6,1006.7,1006.1,0.5,349,1.8,-3.53,0.0
A806,06/01/2020,09,21.9,22.0,21.5,83,86,83,18.9,19.3,18.8,1007.6,1007.6,1006.6,1.1,303,2.3,16.62,0.0
A806,06/01/2020,10,22.9,22.9,21.9,80,83,80,19.2,19.5,18.8,1007.9,1007.9,1007.6,0.3,205,3.7,210.4,0.0
A806,06/01/2020,11,24.4,24.4,22.9,71,80,71,18.8,19.4,18.6,1008.3,1008.4,1007.9,1.2,319,2.3,382.7,0.0
A806,06/01/2020,12,25.8,25.8,24.4,70,71,66,19.9,19.9,18.4,1007.9,1008.3,1007.9,1.8,343,4.1,794.1,0.0
A806,06/01/2020,13,28.3,28.7,25.9,56,70,55,18.8,20.2,18.4,1007.2,1007.9,1007.2,2.3,13,5.1,2725.,0.0
A806,06/01/2020,14,29.2,29.5,28.0,55,58,53,19.3,20.1,18.0,1006.7,1007.2,1006.7,3.1,13,6.0,3397.,0.0
A806,06/01/2020,15,30.3,30.9,28.8,55,56,52,20.2,20.5,18.9,1006.4,1006.7,1006.3,2.7,16,6.9,3710.,0.0
A806,06/01/2020,16,30.7,31.3,29.7,56,58,53,20.7,21.1,20.0,1005.8,1006.4,1005.8,3.4,25,8.0,3819.,0.0
A806,06/01/2020,17,30.3,30.9,29.3,55,59,54,20.2,21.2,20.1,1005.3,1005.9,1005.3,3.1,19,9.5,3147.,0.0
A806,06/01/2020,18,30.7,31.2,29.8,54,58,53,20.2,21.1,20.1,1004.8,1005.3,1004.8,4.0,37,9.5,3379.,0.0
A806,06/01/2020,19,29.4,30.7,28.9,59,59,53,20.6,20.7,19.7,1004.1,1004.8,1004.1,3.9,24,9.8,2579.,0.0
A806,06/01/2020,20,28.5,30.3,28.4,63,65,57,20.9,21.5,20.1,1004.1,1004.2,1003.9,4.7,36,11.4,1647.,0.0
A806,06/01/2020,21,27.8,28.8,27.6,69,70,63,21.7,21.8,21.0,1004.6,1004.7,1004.1,2.5,1,11.4,851.6,0.0
A806,06/01/2020,22,26.8,27.8,26.8,75,75,69,21.9,22.0,21.6,1005.4,1005.5,1004.6,2.6,15,6.5,239.0,0.0
A806,06/01/2020,23,26.7,26.8,26.6,76,76,75,22.1,22.1,21.9,1006.0,1006.1,1005.3,1.9,23,5.6,5.682,0.0
A806,07/01/2020,00,26.2,26.7,26.2,76,77,76,21.6,22.2,21.6,1007.0,1007.0,1006.0,1.3,339,4.9,-3.54,0.0
A806,07/01/2020,01,25.5,26.4,25.4,79,80,75,21.5,21.8,21.4,1007.3,1007.4,1006.9,1.2,325,3.6,-3.54,0.0
A806,07/01/2020,02,25.8,26.0,25.3,79,79,77,21.8,22.0,21.4,1007.5,1007.5,1007.1,2.0,335,5.7,-3.54,0.0
A806,07/01/2020,03,25.4,25.8,25.4,79,80,79,21.6,21.9,21.6,1007.3,1007.8,1007.3,1.6,334,5.1,-3.54,0.0
A806,07/01/2020,04,25.0,25.5,24.9,82,83,79,21.8,22.0,21.5,1006.9,1007.4,1006.9,1.5,329,4.4,-3.54,0.0
A806,07/01/2020,05,24.1,25.0,24.0,84,84,82,21.3,21.8,21.1,1006.3,1006.9,1006.3,0.4,309,3.6,-3.51,0.0
A806,07/01/2020,06,23.9,25.1,23.9,83,84,79,20.8,21.5,20.7,1005.8,1006.3,1005.7,0.9,255,3.7,-3.54,0.0
A806,07/01/2020,07,23.4,23.9,23.3,86,86,83,20.9,21.0,20.8,1005.8,1005.8,1005.6,0.5,245,1.7,-3.47,0.0
A806,07/01/2020,08,23.4,23.6,23.2,86,86,85,20.9,21.1,20.7,1006.1,1006.2,1005.6,0.9,253,3.2,-3.40,0.0
A806,07/01/2020,09,24.3,24.3,23.3,85,86,85,21.5,21.5,20.7,1006.4,1006.4,1006.0,1.0,256,2.1,59.89,0.0
A806,07/01/2020,10,26.8,26.8,24.3,72,85,72,21.3,21.6,21.2,1006.3,1006.4,1006.2,1.5,3,3.3,521.0,0.0
A806,07/01/2020,11,28.9,28.9,26.7,65,72,65,21.7,21.8,21.1,1006.3,1006.5,1006.3,1.3,30,3.2,894.5,0.0
A806,07/01/2020,12,29.4,30.5,28.9,63,65,59,21.6,22.1,21.2,1006.4,1006.5,1006.3,2.1,45,4.1,1974.,0.0
A806,07/01/2020,13,31.0,32.0,29.5,56,63,55,21.4,22.3,21.1,1006.5,1006.6,1006.4,1.9,7,4.5,2996.,0.0
A806,07/01/2020,14,32.2,34.3,31.0,53,58,47,21.5,22.3,20.8,1006.2,1006.6,1005.9,2.3,10,4.9,3088.,0.0
A806,07/01/2020,15,33.3,34.6,32.0,50,54,48,21.6,22.6,21.2,1006.0,1006.2,1005.9,2.6,12,5.6,2869.,0.0
A806,07/01/2020,16,31.9,33.3,31.5,59,59,50,22.8,22.9,21.2,1006.1,1006.1,1005.9,1.8,19,5.4,1092.,0.0
A806,07/01/2020,17,27.7,32.8,27.6,70,70,41,21.7,22.7,17.8,1006.4,1006.6,1006.1,6.1,153,12.4,1263.,0.0
A806,07/01/2020,18,26.4,27.7,23.2,80,89,70,22.7,22.7,20.3,1006.2,1008.6,1006.1,4.3,126,11.8,654.0,19.2
A806,07/01/2020,19,27.3,28.0,26.5,69,80,67,21.1,23.3,20.3,1006.6,1006.8,1006.2,1.4,129,7.7,2164.,0.0
A806,07/01/2020,20,26.6,27.3,26.3,76,77,69,21.9,22.3,21.2,1007.1,1007.1,1006.6,4.4,135,7.0,1154.,0.0
A806,07/01/2020,21,26.7,26.9,26.3,73,76,72,21.5,22.1,21.1,1007.6,1007.6,1007.1,5.7,137,9.5,523.8,0.2
A806,07/01/2020,22,26.5,26.9,26.5,74,75,71,21.4,22.0,20.9,1008.6,1008.6,1007.6,2.5,111,9.5,135.3,0.0
A806,07/01/2020,23,25.3,26.5,25.1,81,84,74,21.7,22.4,21.5,1008.8,1008.9,1008.5,3.4,145,6.5,-2.20,1.8
A806,08/01/2020,00,24.8,25.4,24.8,84,84,78,21.8,22.1,20.7,1009.3,1009.3,1008.8,3.8,142,8.4,2.207,0.0
A806,08/01/2020,01,24.9,25.2,24.7,84,85,84,22.1,22.4,21.8,1010.0,1010.0,1009.3,1.7,207,7.7,-1.73,0.0
A806,08/01/2020,02,24.8,25.0,24.7,85,86,84,22.2,22.5,22.1,1010.0,1010.1,1009.9,1.5,178,4.1,-2.02,0.0
A806,08/01/2020,03,25.0,25.2,24.8,77,85,77,20.7,22.2,20.7,1009.9,1010.0,1009.8,2.6,149,6.3,-1.63,0.0
A806,08/01/2020,04,25.2,25.3,24.9,75,78,75,20.6,21.1,20.3,1010.0,1010.0,1009.8,2.7,129,6.2,-1.28,0.0
A806,08/01/2020,05,24.4,25.2,24.2,78,81,75,20.4,20.9,20.3,1010.0,1010.1,1009.9,3.3,131,5.3,-3.06,0.2
A806,08/01/2020,06,24.5,24.6,24.3,80,82,78,20.8,21.1,20.4,1009.8,1010.0,1009.6,2.1,135,5.3,-1.64,0.0
A806,08/01/2020,07,24.8,24.8,24.5,78,80,78,20.7,21.0,20.6,1009.9,1009.9,1009.7,1.9,131,4.0,-0.01,0.0
A806,08/01/2020,08,24.7,25.0,24.3,80,82,78,20.9,21.1,20.7,1010.1,1010.1,1009.8,2.0,132,3.5,-0.02,0.0
A806,08/01/2020,09,23.9,24.7,23.8,86,86,80,21.4,21.4,20.9,1010.8,1010.8,1010.1,0.1,312,3.5,13.32,0.2
A806,08/01/2020,10,24.4,24.4,23.8,86,86,86,21.8,21.8,21.3,1011.4,1011.4,1010.8,0.8,141,1.9,99.87,0.0
A806,08/01/2020,11,24.0,24.5,23.9,86,87,85,21.5,21.9,21.5,1011.9,1011.9,1011.4,1.5,160,3.3,258.9,0.4
A806,08/01/2020,12,24.9,25.8,24.0,81,86,80,21.5,22.4,21.4,1012.0,1012.1,1011.9,2.4,154,4.9,1183.,0.0
A806,08/01/2020,13,25.5,25.5,24.7,80,83,79,21.7,21.9,21.1,1012.1,1012.2,1012.0,2.5,165,5.1,1252.,0.0
A806,08/01/2020,14,25.8,26.9,25.5,78,80,74,21.5,22.5,21.2,1012.2,1012.3,1012.1,2.6,165,6.2,1950.,0.0
A806,08/01/2020,15,26.5,26.6,25.6,75,78,75,21.8,21.9,21.1,1012.1,1012.3,1012.1,3.0,157,6.4,1661.,0.0
A806,08/01/2020,16,26.8,27.0,26.3,73,75,72,21.6,22.1,21.2,1011.8,1012.1,1011.8,2.5,169,6.5,1979.,0.0
A806,08/01/2020,17,28.3,28.6,26.6,64,74,64,20.8,22.1,20.8,1011.2,1011.8,1011.2,2.1,161,5.3,2006.,0.0
A806,08/01/2020,18,28.4,28.9,27.6,66,68,63,21.3,22.0,20.0,1010.6,1011.2,1010.6,2.0,166,4.1,2276.,0.0
A806,08/01/2020,19,28.2,28.6,27.8,66,70,63,21.4,22.2,20.8,1010.0,1010.6,1010.0,2.9,159,6.7,2417.,0.0
A806,08/01/2020,20,26.7,28.4,26.7,75,75,66,21.8,22.4,21.6,1009.6,1010.0,1009.6,3.3,163,8.1,1882.,0.0
A806,08/01/2020,21,25.7,26.7,25.7,81,82,75,22.3,22.5,21.7,1010.0,1010.0,1009.5,3.2,156,7.6,464.3,0.0
A806,08/01/2020,22,25.7,25.9,25.5,81,83,80,22.2,22.6,21.9,1010.6,1010.6,1010.0,4.5,136,7.2,74.19,0.0
A806,08/01/2020,23,25.1,25.7,24.8,83,86,81,22.1,22.8,21.9,1011.5,1011.5,1010.6,2.2,151,7.2,-1.14,2.2
A806,09/01/2020,00,25.2,25.3,24.9,83,84,83,22.2,22.4,22.0,1011.5,1011.5,1011.3,1.5,117,4.1,0.194,0.0
A806,09/01/2020,01,25.4,25.5,25.0,81,83,81,22.0,22.4,21.9,1011.8,1011.8,1011.5,1.1,17,3.7,-0.45,0.0
A806,09/01/2020,02,25.6,25.6,25.4,80,81,80,21.8,21.9,21.7,1011.8,1011.9,1011.8,1.1,4,3.7,0.505,0.0
A806,09/01/2020,03,25.3,25.7,25.3,81,81,79,21.9,22.0,21.6,1011.4,1011.8,1011.4,1.1,314,4.1,-0.45,0.0
A806,09/01/2020,04,24.4,25.3,24.4,86,86,82,21.8,22.1,21.8,1010.9,1011.4,1010.9,1.4,292,2.6,-1.24,0.0
A806,09/01/2020,05,24.2,24.4,24.1,86,86,85,21.8,21.8,21.7,1010.4,1010.9,1010.4,0.5,317,2.8,-2.99,0.0
A806,09/01/2020,06,24.4,24.4,24.2,86,87,86,21.8,21.9,21.7,1010.0,1010.4,1010.0,0.8,284,1.9,-0.77,0.0
A806,09/01/2020,07,24.2,24.4,24.2,85,86,85,21.6,21.9,21.5,1009.6,1010.0,1009.6,1.1,286,2.2,-1.43,0.0
A806,09/01/2020,08,23.6,24.4,23.4,88,88,84,21.4,21.6,21.1,1009.4,1009.6,1009.4,1.0,316,2.2,-3.54,0.0
A806,09/01/2020,09,23.7,24.0,23.5,87,88,87,21.4,21.8,21.1,1010.2,1010.2,1009.4,0.9,310,3.6,28.04,0.0
A806,09/01/2020,10,26.3,26.3,23.7,76,87,76,21.7,21.9,21.4,1010.3,1010.4,1010.2,1.1,4,2.5,461.8,0.0
A806,09/01/2020,11,27.5,27.7,26.3,70,76,69,21.5,22.0,21.0,1010.5,1010.5,1010.3,1.0,14,3.5,1253.,0.0
A806,09/01/2020,12,28.4,28.4,27.5,65,70,64,21.1,21.9,20.8,1010.4,1010.5,1010.4,2.3,20,5.5,2071.,0.0
A806,09/01/2020,13,30.4,30.7,28.4,56,65,54,20.5,21.7,20.2,1010.5,1010.7,1010.4,2.0,36,5.5,2782.,0.0
A806,09/01/2020,14,31.4,32.2,30.2,52,58,52,20.3,21.5,20.0,1010.3,1010.5,1010.2,2.0,36,4.4,3331.,0.0
A806,09/01/2020,15,32.2,32.9,31.1,53,56,49,21.3,22.0,20.3,1010.3,1010.4,1010.2,1.9,359,4.7,3662.,0.0
A806,09/01/2020,16,32.4,33.1,31.4,56,57,50,22.5,22.8,20.6,1010.0,1010.3,1009.9,2.0,28,5.0,3753.,0.0
A806,09/01/2020,17,31.8,32.9,31.5,56,57,53,21.9,22.8,21.5,1009.4,1010.0,1009.4,2.8,4,6.4,3608.,0.0
A806,09/01/2020,18,29.8,32.5,29.8,64,64,55,22.1,22.8,21.4,1009.3,1009.5,1009.3,2.6,4,6.6,2317.,0.0
A806,09/01/2020,19,29.5,30.4,29.2,67,68,64,22.7,23.6,22.2,1009.0,1009.5,1008.8,2.2,355,6.0,1288.,0.0
A806,09/01/2020,20,28.8,30.2,28.8,70,70,66,22.8,23.5,22.6,1008.9,1009.0,1008.9,2.1,5,5.7,1391.,0.0
A806,09/01/2020,21,28.3,28.9,28.1,74,74,70,23.3,23.6,22.8,1008.6,1008.9,1008.6,2.4,2,5.8,658.4,0.0
A806,09/01/2020,22,27.8,28.4,27.5,72,75,71,22.3,23.2,22.0,1009.5,1009.6,1008.6,2.0,17,6.3,367.6,0.0
A806,09/01/2020,23,27.4,27.8,27.3,76,76,72,22.7,22.9,22.2,1010.7,1010.7,1009.4,2.1,14,5.8,6.844,0.0
A806,10/01/2020,00,27.3,27.5,27.2,75,76,75,22.6,22.8,22.5,1011.4,1011.4,1010.7,1.8,15,4.9,-3.49,0.0
A806,10/01/2020,01,27.2,27.4,27.2,78,78,75,23.0,23.0,22.5,1011.5,1011.6,1011.3,2.2,4,6.1,-2.14,0.0
A806,10/01/2020,02,26.8,27.3,26.8,79,79,76,22.9,23.0,22.6,1011.4,1011.6,1011.3,2.2,348,6.4,-3.17,0.0
A806,10/01/2020,03,25.9,26.9,25.8,81,81,79,22.3,22.9,22.1,1010.8,1011.4,1010.8,0.9,315,4.2,-3.54,0.0
A806,10/01/2020,04,25.8,26.0,25.2,82,83,80,22.4,22.5,22.1,1010.2,1010.8,1010.2,1.4,354,2.4,-3.54,0.0
A806,10/01/2020,05,25.7,26.2,25.7,81,82,79,22.2,22.5,22.0,1009.5,1010.2,1009.5,1.4,344,4.7,-3.54,0.0
A806,10/01/2020,06,25.5,25.8,25.5,82,82,81,22.2,22.3,22.1,1009.0,1009.5,1008.9,1.2,338,3.5,-3.53,0.0
A806,10/01/2020,07,25.8,25.9,25.3,81,83,81,22.3,22.4,22.1,1008.7,1009.0,1008.7,2.1,353,3.6,-3.37,0.0
A806,10/01/2020,08,25.7,25.9,25.7,81,81,81,22.2,22.4,22.2,1008.8,1008.8,1008.6,2.2,358,4.8,-2.73,0.0
A806,10/01/2020,09,25.8,25.8,25.6,81,81,81,22.2,22.3,22.1,1009.1,1009.1,1008.8,2.2,353,5.0,29.20,0.0
A806,10/01/2020,10,26.3,26.3,25.7,78,81,78,22.2,22.3,22.2,1009.5,1009.5,1009.1,2.6,5,5.2,181.8,0.0
A806,10/01/2020,11,27.4,27.4,26.3,75,78,75,22.6,22.6,22.1,1009.8,1009.8,1009.5,2.7,357,5.5,611.2,0.0
A806,10/01/2020,12,29.5,29.8,27.4,65,75,65,22.2,23.2,22.0,1009.7,1009.8,1009.7,2.2,4,5.8,2175.,0.0
A806,10/01/2020,13,29.5,30.5,29.4,68,69,63,23.1,23.4,22.1,1009.3,1009.7,1009.3,3.0,9,6.7,2007.,0.0
A806,10/01/2020,14,29.9,30.6,29.5,69,70,67,23.6,24.2,23.1,1009.0,1009.4,1009.0,2.6,13,7.4,1987.,0.0
A806,10/01/2020,15,29.6,29.9,28.9,75,76,69,24.6,24.7,23.6,1008.8,1009.2,1008.8,2.3,13,7.7,1475.,0.0
A806,10/01/2020,16,30.4,31.2,29.4,72,75,69,24.7,25.2,24.3,1008.4,1008.8,1008.3,3.1,13,7.9,2754.,0.0
A806,10/01/2020,17,30.6,31.0,29.6,70,73,68,24.4,25.0,24.2,1007.6,1008.4,1007.6,3.0,24,8.3,2992.,0.0
A806,10/01/2020,18,30.1,31.2,29.8,71,71,67,24.3,24.8,23.8,1007.0,1007.6,1007.0,3.5,360,8.5,3126.,0.0
A806,10/01/2020,19,30.6,30.7,29.4,71,73,69,24.6,24.7,23.9,1006.3,1007.0,1006.3,2.9,29,9.5,2520.,0.0
A806,10/01/2020,20,29.0,30.6,29.0,73,73,69,23.6,24.4,23.6,1005.9,1006.3,1005.8,3.7,22,11.0,1913.,0.0
A806,10/01/2020,21,28.2,29.1,28.2,77,77,73,23.8,24.1,23.6,1006.6,1006.6,1005.8,3.7,38,9.1,611.9,0.0
A806,10/01/2020,22,27.9,28.3,27.8,79,79,77,24.0,24.0,23.7,1006.5,1006.7,1006.5,2.2,21,8.7,105.8,0.0
A806,10/01/2020,23,27.9,27.9,27.7,80,80,79,24.1,24.1,23.9,1008.1,1008.1,1006.5,2.1,7,7.3,0.878,0.0
A806,11/01/2020,00,27.6,27.9,27.6,81,81,80,24.2,24.2,23.9,1008.9,1008.9,1007.7,1.7,10,6.4,-2.49,0.0
A806,11/01/2020,01,27.2,27.7,27.2,86,86,81,24.6,24.7,24.1,1009.9,1009.9,1008.5,0.9,348,4.6,-3.47,2.0
A806,11/01/2020,02,26.7,27.3,26.7,88,88,86,24.5,24.7,24.4,1009.7,1009.9,1009.2,0.3,256,2.7,-2.74,4.6
A806,11/01/2020,03,24.6,26.7,24.5,90,90,88,22.7,24.7,22.6,1010.6,1010.6,1009.2,2.9,266,5.7,0.446,15.0
A806,11/01/2020,04,23.9,24.5,23.6,90,91,89,22.2,22.9,21.9,1008.8,1010.7,1008.8,2.6,146,7.7,0.759,8.0
A806,11/01/2020,05,23.5,24.5,23.4,86,90,86,21.1,22.8,21.0,1008.5,1008.8,1008.4,3.4,136,8.6,1.351,1.2
A806,11/01/2020,06,24.0,24.0,23.4,85,86,84,21.3,21.3,20.8,1007.3,1008.5,1007.3,0.1,337,5.9,6.613,0.0
A806,11/01/2020,07,23.3,24.0,23.2,87,88,85,21.1,21.4,21.1,1005.5,1007.3,1005.5,1.5,354,3.0,1.045,0.0
A806,11/01/2020,08,24.1,24.1,23.3,84,88,84,21.3,21.6,21.0,1006.7,1006.7,1005.1,1.6,313,3.9,1.734,0.0
A806,11/01/2020,09,23.9,24.3,23.8,88,88,84,21.7,21.7,21.4,1006.9,1007.2,1006.7,1.2,293,3.2,17.43,0.0
A806,11/01/2020,10,24.7,24.8,23.9,86,89,86,22.3,22.6,21.7,1007.7,1007.7,1006.9,2.1,278,4.0,486.8,0.0
A806,11/01/2020,11,26.5,26.6,24.6,80,86,79,22.7,22.9,22.1,1008.3,1008.3,1007.7,1.1,320,4.1,1121.,0.0
A806,11/01/2020,12,28.7,28.7,26.5,72,80,71,23.1,23.2,22.2,1008.5,1008.5,1008.3,1.5,31,3.5,1797.,0.0
A806,11/01/2020,13,28.7,29.1,27.8,71,75,70,22.9,23.6,22.3,1008.7,1008.7,1008.4,1.5,355,4.9,1951.,0.0
A806,11/01/2020,14,28.7,29.8,28.4,72,74,68,23.2,23.8,22.5,1008.9,1009.1,1008.7,2.7,145,5.9,2375.,0.0
A806,11/01/2020,15,29.3,30.1,28.4,69,73,67,22.9,24.3,22.5,1008.5,1008.9,1008.5,3.1,123,6.5,2931.,0.0
A806,11/01/2020,16,29.9,30.2,28.9,68,70,66,23.4,23.7,22.3,1008.5,1008.6,1008.4,2.9,153,6.3,3344.,0.0
A806,11/01/2020,17,28.7,29.9,28.6,72,72,66,23.1,23.2,22.4,1008.1,1008.5,1008.0,4.6,152,10.5,2257.,0.0
A806,11/01/2020,18,27.8,28.8,27.5,74,76,70,22.7,23.1,22.6,1008.1,1008.3,1008.1,5.5,155,11.8,1793.,0.0
A806,11/01/2020,19,26.6,27.8,26.6,75,75,73,21.8,22.9,21.7,1008.1,1008.3,1007.9,6.1,148,12.2,1145.,0.0
A806,11/01/2020,20,26.3,26.8,26.1,76,77,73,21.8,22.1,21.1,1008.7,1008.7,1008.0,6.0,154,12.4,640.5,0.0
A806,11/01/2020,21,26.7,26.8,25.9,74,77,72,21.6,22.1,21.1,1009.5,1009.5,1008.6,3.9,161,11.6,302.2,0.0
A806,11/01/2020,22,26.9,27.0,26.6,68,74,67,20.5,21.9,20.2,1010.1,1010.1,1009.4,2.7,162,8.2,147.8,0.0
A806,11/01/2020,23,27.1,27.1,26.8,66,68,66,20.2,20.7,20.0,1010.5,1010.6,1010.1,2.7,175,6.7,1.076,0.0
A806,12/01/2020,00,27.0,27.1,26.9,66,67,64,20.1,20.3,19.7,1011.1,1011.1,1010.5,1.8,175,7.0,-3.30,0.0
A806,12/01/2020,01,26.2,27.0,26.2,70,70,65,20.3,20.5,19.5,1011.7,1011.8,1011.1,0.9,208,5.7,-3.53,0.0
A806,12/01/2020,02,25.5,26.3,25.0,73,75,70,20.3,20.9,19.9,1012.2,1012.2,1011.7,0.4,132,2.7,-3.54,0.0
A806,12/01/2020,03,23.8,25.5,23.8,81,81,73,20.3,20.4,20.1,1012.0,1012.2,1012.0,0.5,277,2.6,-3.52,0.0
A806,12/01/2020,04,23.9,23.9,23.7,79,81,79,20.1,20.4,20.1,1011.6,1012.0,1011.5,1.1,274,2.4,-3.46,0.0
A806,12/01/2020,05,23.2,23.9,23.2,82,82,79,19.9,20.2,19.9,1011.1,1011.6,1011.1,0.5,297,1.9,-3.53,0.0
A806,12/01/2020,06,22.8,23.2,22.7,83,85,82,19.9,20.1,19.8,1011.0,1011.1,1010.9,0.5,264,1.7,-3.54,0.0
A806,12/01/2020,07,22.6,23.0,22.6,83,83,82,19.6,20.0,19.6,1010.8,1011.0,1010.8,0.4,192,1.9,-3.54,0.0
A806,12/01/2020,08,22.0,22.6,22.0,86,86,83,19.5,19.8,19.5,1011.4,1011.4,1010.8,0.3,303,1.7,-3.54,0.0
A806,12/01/2020,09,21.8,22.0,21.5,89,89,86,19.8,19.8,19.4,1012.1,1012.1,1011.4,0.7,256,1.4,22.86,0.0
A806,12/01/2020,10,25.4,25.4,21.8,74,89,74,20.4,21.0,19.9,1012.8,1012.8,1012.1,0.3,194,2.0,475.9,0.0
A806,12/01/2020,11,27.0,27.6,25.1,63,74,61,19.3,21.3,19.0,1013.5,1013.5,1012.8,1.6,199,3.0,1403.,0.0
A806,12/01/2020,12,27.2,27.6,26.5,67,69,62,20.7,21.0,19.0,1013.9,1013.9,1013.5,2.0,167,4.8,2036.,0.0
A806,12/01/2020,13,28.5,28.8,26.9,62,69,62,20.6,21.9,20.4,1014.1,1014.1,1013.8,3.0,147,6.2,2768.,0.0
A806,12/01/2020,14,28.8,29.0,28.4,62,64,60,20.8,21.4,20.2,1014.0,1014.1,1013.9,3.5,143,7.0,3316.,0.0
A806,12/01/2020,15,29.6,29.6,28.7,62,63,57,21.4,21.4,20.0,1014.0,1014.2,1014.0,3.7,136,6.1,3085.,0.0
A806,12/01/2020,16,29.4,30.4,28.5,65,69,58,22.1,22.8,20.8,1014.0,1014.2,1014.0,3.4,157,7.3,2957.,0.0
A806,12/01/2020,17,29.3,30.1,29.1,63,66,59,21.5,22.3,20.9,1013.7,1014.0,1013.7,3.4,134,6.7,3177.,0.0
A806,12/01/2020,18,29.0,30.2,28.5,67,69,62,22.1,22.8,21.3,1013.4,1013.7,1013.3,3.3,148,8.9,2736.,0.0
A806,12/01/2020,19,28.8,29.3,28.0,67,70,65,22.1,22.5,21.4,1013.1,1013.5,1013.1,3.7,144,7.2,2216.,0.0
A806,12/01/2020,20,28.1,29.1,27.8,70,70,66,22.1,22.5,21.3,1012.7,1013.1,1012.7,4.6,147,8.9,1972.,0.0
A806,12/01/2020,21,27.1,28.1,27.0,71,73,68,21.4,22.1,20.9,1013.0,1013.0,1012.7,4.4,153,10.0,702.0,0.0
A806,12/01/2020,22,26.3,27.1,26.3,69,72,67,20.2,21.5,20.0,1013.9,1013.9,1013.0,4.5,145,10.0,341.2,0.0
A806,12/01/2020,23,25.9,26.5,25.8,75,77,69,21.1,21.7,20.2,1015.0,1015.0,1013.9,4.1,153,9.0,9.056,0.0
A806,13/01/2020,00,25.8,26.0,25.6,75,77,73,21.0,21.6,20.5,1016.1,1016.1,1015.0,3.3,146,8.5,-3.53,0.0
A806,13/01/2020,01,25.4,25.8,25.3,71,75,71,19.8,20.9,19.7,1016.8,1016.8,1016.0,3.5,155,7.8,-3.54,0.0
A806,13/01/2020,02,25.3,25.5,25.2,69,71,68,19.3,19.8,18.9,1016.7,1016.9,1016.6,3.3,150,7.8,-3.54,0.0
A806,13/01/2020,03,24.6,25.3,24.6,70,71,68,18.8,19.5,18.7,1016.5,1016.8,1016.4,2.3,176,6.8,-3.54,0.0
A806,13/01/2020,04,22.5,24.7,22.5,75,75,70,17.8,19.2,17.3,1016.1,1016.5,1016.1,1.1,254,4.2,-3.54,0.0
A806,13/01/2020,05,21.4,22.6,21.4,82,82,75,18.1,18.1,17.7,1015.5,1016.1,1015.5,0.9,284,2.5,-3.54,0.0
A806,13/01/2020,06,20.6,21.4,20.6,83,83,81,17.6,18.1,17.4,1015.2,1015.6,1015.2,1.3,272,2.7,-3.54,0.0
A806,13/01/2020,07,20.2,20.6,20.2,82,83,81,17.0,17.6,17.0,1015.1,1015.3,1015.0,1.0,290,3.3,-3.54,0.0
A806,13/01/2020,08,20.1,20.2,20.0,83,83,82,17.1,17.1,16.9,1015.5,1015.5,1015.1,1.5,292,3.3,-3.54,0.0
A806,13/01/2020,09,19.8,20.1,19.6,84,84,83,17.1,17.1,16.8,1016.1,1016.1,1015.5,0.6,264,2.7,21.10,0.0
A806,13/01/2020,10,22.2,22.4,19.8,74,85,74,17.4,18.0,17.1,1016.4,1016.4,1016.1,1.6,264,2.4,469.0,0.0
A806,13/01/2020,11,24.6,24.8,22.2,67,74,67,18.1,18.7,17.4,1016.9,1016.9,1016.4,1.4,248,3.1,1322.,0.0
A806,13/01/2020,12,25.6,26.1,24.5,63,68,61,18.1,18.8,17.5,1017.2,1017.2,1016.9,1.7,135,2.7,2131.,0.0
A806,13/01/2020,13,26.4,26.9,25.2,61,64,59,18.1,19.4,17.4,1017.2,1017.3,1017.1,1.8,138,3.2,2882.,0.0
A806,13/01/2020,14,27.9,28.4,26.2,51,62,46,16.9,18.8,14.6,1016.7,1017.2,1016.7,1.5,159,3.2,3445.,0.0
A806,13/01/2020,15,28.8,29.1,27.4,47,58,46,16.3,19.1,16.3,1016.8,1016.9,1016.7,3.2,112,5.5,3771.,0.0
A806,13/01/2020,16,29.5,29.6,28.5,43,47,41,15.7,16.6,14.4,1016.4,1016.8,1016.4,3.1,116,6.5,3919.,0.0
A806,13/01/2020,17,28.6,29.7,27.7,52,54,40,17.7,18.4,14.5,1016.4,1016.5,1016.4,4.0,118,7.3,3400.,0.0
A806,13/01/2020,18,28.3,29.1,28.1,52,56,51,17.6,19.3,17.4,1016.1,1016.4,1016.0,3.6,123,7.3,3330.,0.0
A806,13/01/2020,19,28.5,29.2,28.1,57,57,51,19.0,19.1,17.7,1015.5,1016.1,1015.5,3.4,121,7.5,2709.,0.0
A806,13/01/2020,20,26.9,28.5,26.9,64,64,55,19.6,19.9,18.5,1015.3,1015.6,1015.2,4.0,121,7.9,1696.,0.0
A806,13/01/2020,21,26.6,27.4,26.5,64,65,61,19.3,19.9,18.7,1015.2,1015.3,1015.0,4.0,126,7.6,703.6,0.0
A806,13/01/2020,22,25.9,26.6,25.9,66,69,63,19.1,19.9,18.8,1015.4,1015.4,1015.1,3.6,122,7.7,158.2,0.0
A806,13/01/2020,23,25.4,26.1,25.4,73,74,66,20.3,20.6,19.3,1016.0,1016.0,1015.4,3.5,121,7.6,5.456,0.0
A806,14/01/2020,00,25.2,25.4,25.1,73,74,72,19.9,20.2,19.9,1016.9,1016.9,1016.0,4.0,124,7.0,-3.44,0.0
A806,14/01/2020,01,25.0,25.3,25.0,73,74,72,19.7,20.2,19.7,1018.0,1018.0,1016.9,2.9,115,6.6,-3.21,0.0
A806,14/01/2020,02,25.1,25.1,25.0,73,73,72,19.9,20.0,19.6,1018.3,1018.4,1018.0,2.2,116,5.8,-3.50,0.0
A806,14/01/2020,03,25.0,25.2,25.0,71,73,70,19.3,20.0,19.3,1017.5,1018.3,1017.5,2.3,94,4.2,-3.39,0.0
A806,14/01/2020,04,24.8,25.0,24.7,71,72,71,19.3,19.4,19.2,1016.6,1017.5,1016.6,1.2,57,4.2,-3.34,0.0
A806,14/01/2020,05,24.8,24.8,24.6,72,72,71,19.3,19.3,19.1,1015.9,1016.5,1015.9,0.9,54,3.7,-2.86,0.0
A806,14/01/2020,06,24.5,24.8,24.5,71,72,71,19.0,19.4,19.0,1015.4,1015.9,1015.4,1.5,23,3.3,-2.89,0.0
A806,14/01/2020,07,23.8,24.6,23.8,79,79,71,19.9,20.0,19.0,1015.3,1015.4,1015.3,0.3,315,3.3,-2.94,0.0
A806,14/01/2020,08,23.1,23.8,23.1,85,85,79,20.4,20.4,20.0,1015.4,1015.4,1015.1,1.1,303,2.7,-3.16,0.0
A806,14/01/2020,09,23.0,23.2,22.9,87,87,85,20.8,20.8,20.4,1015.7,1015.7,1015.4,0.7,264,2.2,6.893,0.2
A806,14/01/2020,10,23.2,23.2,23.0,87,88,87,20.9,21.0,20.8,1016.1,1016.1,1015.7,0.7,255,2.4,162.8,0.0
A806,14/01/2020,11,25.4,25.4,23.2,74,87,73,20.4,21.4,19.6,1016.4,1016.4,1016.1,0.7,323,1.8,638.4,0.0
A806,14/01/2020,12,27.1,27.2,25.3,58,74,58,18.1,20.0,17.7,1016.3,1016.5,1016.3,1.7,320,4.4,1680.,0.0
A806,14/01/2020,13,28.7,28.8,26.8,55,60,53,18.9,19.3,17.5,1016.1,1016.4,1016.0,2.6,34,5.5,2965.,0.0
A806,14/01/2020,14,28.8,29.0,27.9,55,57,53,18.8,19.0,18.0,1016.0,1016.1,1015.9,2.9,23,7.2,3433.,0.0
A806,14/01/2020,15,29.4,30.4,28.5,49,55,48,17.6,19.2,17.4,1015.4,1016.0,1015.3,3.0,31,7.9,3717.,0.0
A806,14/01/2020,16,29.6,30.2,28.8,49,52,46,17.7,18.7,16.9,1014.9,1015.4,1014.9,3.3,29,8.6,3838.,0.0
A806,14/01/2020,17,29.9,30.2,29.1,47,51,41,17.3,18.4,15.3,1014.3,1015.0,1014.3,3.5,26,8.2,3693.,0.0
A806,14/01/2020,18,29.8,30.2,29.0,47,48,43,17.2,17.7,16.1,1013.9,1014.3,1013.8,3.2,31,10.2,3315.,0.0
A806,14/01/2020,19,29.9,30.5,29.4,46,47,37,17.1,17.3,13.8,1013.4,1013.9,1013.4,3.3,17,8.7,2734.,0.0
A806,14/01/2020,20,28.6,30.1,28.5,53,53,45,18.1,18.4,16.5,1012.9,1013.4,1012.9,3.6,26,9.7,1865.,0.0
A806,14/01/2020,21,27.5,28.6,27.4,62,63,53,19.7,19.9,18.0,1012.9,1012.9,1012.8,3.6,31,8.9,1150.,0.0
A806,14/01/2020,22,26.8,27.5,26.7,63,64,61,19.1,19.9,19.1,1012.9,1012.9,1012.7,3.1,28,8.4,368.4,0.0
A806,14/01/2020,23,26.6,26.8,26.5,66,66,61,19.8,19.8,18.5,1013.4,1013.4,1012.8,2.1,19,7.7,6.902,0.0
A806,15/01/2020,00,26.4,26.7,26.4,66,68,64,19.4,20.1,19.2,1013.9,1013.9,1013.3,2.7,338,7.5,-3.40,0.0
A806,15/01/2020,01,25.0,26.3,25.0,69,69,65,19.0,19.4,19.0,1014.4,1014.4,1013.9,2.1,308,5.7,-3.53,0.0
A806,15/01/2020,02,25.0,25.1,24.9,70,71,69,19.2,19.3,19.0,1014.4,1014.4,1014.1,1.5,317,5.4,-3.53,0.0
A806,15/01/2020,03,24.2,25.1,24.2,72,72,70,19.0,19.2,18.9,1014.2,1014.4,1014.2,1.9,301,4.5,-3.54,0.0
A806,15/01/2020,04,23.6,24.2,23.5,75,75,72,18.9,19.0,18.8,1013.8,1014.2,1013.7,1.0,310,4.3,-3.54,0.0
A806,15/01/2020,05,23.2,23.5,23.1,77,77,75,18.9,19.0,18.8,1012.8,1013.7,1012.7,0.6,329,2.1,-3.54,0.0
A806,15/01/2020,06,22.9,23.2,22.8,78,79,77,18.9,19.1,18.8,1012.3,1012.8,1012.2,0.9,323,1.8,-3.53,0.0
A806,15/01/2020,07,22.6,22.9,22.4,81,81,78,19.0,19.1,18.7,1011.7,1012.3,1011.7,0.7,311,2.0,-3.51,0.0
A806,15/01/2020,08,22.4,22.6,22.3,81,82,80,19.0,19.1,18.9,1011.9,1011.9,1011.5,1.9,292,3.3,-3.54,0.0
A806,15/01/2020,09,23.1,23.1,22.4,77,81,77,18.9,19.0,18.8,1012.2,1012.2,1011.9,2.3,285,4.2,22.22,0.0
A806,15/01/2020,10,25.6,25.6,23.1,69,77,69,19.5,19.6,18.9,1012.1,1012.2,1011.9,1.9,293,4.5,453.4,0.0
A806,15/01/2020,11,27.2,27.2,25.4,61,69,61,19.1,19.9,18.7,1012.4,1012.5,1012.0,3.1,292,6.0,1331.,0.0
A806,15/01/2020,12,28.1,28.7,26.7,53,61,51,17.8,18.8,17.4,1011.9,1012.5,1011.9,3.2,351,6.5,1995.,0.0
A806,15/01/2020,13,29.7,29.8,28.1,48,54,45,17.6,18.1,16.0,1011.4,1011.9,1011.4,3.7,9,7.9,2811.,0.0
A806,15/01/2020,14,30.0,30.3,29.1,50,53,47,18.3,19.1,17.2,1011.5,1011.5,1011.3,3.6,3,8.7,3153.,0.0
A806,15/01/2020,15,30.5,31.2,29.8,53,54,48,19.9,20.4,18.2,1010.7,1011.5,1010.7,3.6,17,9.8,3665.,0.0
A806,15/01/2020,16,30.9,31.3,30.3,52,55,51,19.9,20.6,19.6,1010.1,1010.7,1010.1,3.6,5,9.8,3792.,0.0
A806,15/01/2020,17,30.5,31.5,30.3,55,57,52,20.5,21.4,19.7,1009.5,1010.1,1009.5,4.3,35,11.3,3660.,0.0
A806,15/01/2020,18,29.5,30.9,29.3,61,62,55,21.2,21.6,20.3,1009.0,1009.5,1009.0,4.4,22,12.2,3218.,0.0
A806,15/01/2020,19,29.4,29.8,28.7,65,67,60,22.1,22.4,21.0,1008.0,1009.0,1008.0,4.6,26,12.5,2615.,0.0
A806,15/01/2020,20,28.4,29.4,28.3,68,69,64,22.0,22.3,21.7,1007.7,1008.0,1007.7,4.7,8,12.4,1942.,0.0
A806,15/01/2020,21,27.5,28.6,27.5,70,70,66,21.5,22.0,21.3,1007.7,1007.9,1007.7,4.1,17,10.5,748.7,0.0
A806,15/01/2020,22,27.4,27.6,27.3,71,71,70,21.6,21.8,21.4,1008.5,1008.5,1007.7,3.5,7,12.9,90.79,0.0
A806,15/01/2020,23,27.3,27.6,27.3,70,71,69,21.4,21.7,21.1,1009.0,1009.0,1008.4,4.4,360,10.9,1.803,0.0
A806,16/01/2020,00,27.2,27.3,27.1,71,71,69,21.4,21.5,21.1,1009.7,1009.7,1009.0,4.1,358,10.0,-2.53,0.0
A806,16/01/2020,01,25.8,27.2,25.8,79,79,70,21.9,21.9,21.1,1010.0,1010.0,1009.7,2.1,328,9.4,-2.38,0.2
A806,16/01/2020,02,26.1,26.1,25.4,77,81,77,21.7,22.1,21.7,1010.0,1010.1,1009.8,1.9,337,4.5,-2.37,0.0
A806,16/01/2020,03,26.2,26.4,26.0,77,78,75,21.9,21.9,21.6,1009.9,1010.2,1009.9,1.4,332,3.8,-0.68,0.0
A806,16/01/2020,04,26.0,26.2,25.9,79,79,77,22.0,22.0,21.8,1009.4,1009.9,1009.4,1.2,326,3.0,-2.46,0.0
A806,16/01/2020,05,26.3,26.3,25.8,76,80,76,21.7,22.1,21.7,1008.7,1009.5,1008.7,1.3,344,3.3,-2.69,0.0
A806,16/01/2020,06,26.1,26.4,25.8,77,79,76,21.8,21.9,21.7,1008.4,1008.8,1008.3,1.2,337,2.9,-2.94,0.0
A806,16/01/2020,07,25.7,26.2,25.7,80,80,76,22.0,22.0,21.7,1008.3,1008.5,1008.3,0.7,300,3.3,-2.95,0.0
A806,16/01/2020,08,26.0,26.5,25.6,78,80,76,21.9,22.1,21.8,1008.5,1008.5,1008.0,1.3,299,4.9,-2.07,0.0
A806,16/01/2020,09,25.1,26.0,25.1,86,86,78,22.6,22.7,21.9,1009.1,1009.4,1008.5,0.3,244,5.4,0.034,0.6
A806,16/01/2020,10,25.2,25.2,24.8,87,88,86,22.9,23.0,22.4,1009.7,1009.8,1009.0,0.3,356,2.7,94.45,0.2
A806,16/01/2020,11,26.5,26.5,25.2,83,87,83,23.4,23.4,22.9,1010.9,1010.9,1009.7,0.8,258,2.4,541.6,0.0
A806,16/01/2020,12,28.0,29.2,26.6,73,83,70,22.8,24.2,22.8,1010.9,1011.2,1010.9,2.0,132,3.3,1786.,0.0
A806,16/01/2020,13,26.4,28.5,26.4,78,78,70,22.3,23.7,21.8,1012.0,1012.1,1010.6,5.8,156,12.2,1201.,0.0
A806,16/01/2020,14,26.0,26.4,25.6,76,81,76,21.5,22.5,21.5,1012.4,1012.5,1012.0,6.2,151,14.0,1623.,0.0
A806,16/01/2020,15,27.2,27.2,25.6,74,79,72,22.1,22.3,21.0,1012.6,1012.8,1012.3,6.0,154,12.7,1986.,0.0
A806,16/01/2020,16,25.6,27.3,25.6,77,78,71,21.4,22.1,21.1,1013.1,1013.2,1012.5,7.3,149,14.4,1762.,0.0
A806,16/01/2020,17,24.9,25.8,24.8,79,81,77,21.0,21.9,20.7,1014.0,1014.0,1012.9,6.2,157,14.8,1196.,0.0
A806,16/01/2020,18,24.9,25.2,24.1,75,81,73,20.2,21.3,19.7,1014.4,1014.4,1013.9,6.7,162,14.5,829.5,0.0
A806,16/01/2020,19,23.9,24.8,23.3,70,77,70,18.2,20.1,18.2,1014.7,1014.8,1014.3,6.2,171,14.7,825.8,0.0
A806,16/01/2020,20,23.9,24.4,23.8,59,71,59,15.5,18.6,15.5,1015.4,1015.4,1014.7,5.6,178,13.9,542.9,0.2
A806,16/01/2020,21,24.0,24.3,23.8,51,60,49,13.2,15.6,12.5,1016.0,1016.2,1015.4,5.7,169,14.4,257.4,0.0
A806,16/01/2020,22,23.5,24.0,23.4,55,56,47,13.8,14.2,12.0,1017.2,1017.2,1015.9,4.2,176,14.0,104.8,0.0
A806,16/01/2020,23,23.3,23.7,23.3,47,56,46,11.5,14.2,11.1,1018.1,1018.3,1017.2,4.3,193,12.4,4.354,0.0
A806,17/01/2020,00,23.1,23.3,23.1,50,55,47,12.2,13.8,11.6,1018.7,1018.8,1018.1,4.1,195,10.7,-2.95,0.0
A806,17/01/2020,01,23.0,23.3,23.0,50,54,48,12.0,13.2,11.5,1019.3,1019.3,1018.7,3.5,195,10.9,-2.66,0.0
A806,17/01/2020,02,22.6,23.0,22.6,52,55,50,12.1,13.4,11.7,1019.3,1019.3,1019.1,2.8,207,9.0,-3.17,0.0
A806,17/01/2020,03,22.0,22.6,22.0,55,55,51,12.4,13.1,12.0,1019.0,1019.2,1018.9,2.2,208,6.6,-3.40,0.0
A806,17/01/2020,04,21.3,22.1,21.3,56,56,52,12.2,12.3,11.9,1019.0,1019.2,1018.9,1.7,234,5.2,-3.53,0.0
A806,17/01/2020,05,20.9,21.3,20.8,58,58,56,12.2,12.4,12.1,1018.4,1019.0,1018.4,1.9,221,3.7,-3.54,0.0
A806,17/01/2020,06,20.5,20.9,20.3,60,60,58,12.4,12.5,12.2,1018.5,1018.5,1018.4,1.9,249,4.4,-3.53,0.0
A806,17/01/2020,07,20.3,20.5,20.3,59,60,59,12.0,12.4,12.0,1018.9,1018.9,1018.4,1.8,236,4.4,-3.53,0.0
A806,17/01/2020,08,20.4,20.5,20.2,58,59,58,11.9,12.1,11.9,1019.5,1019.5,1018.9,1.6,239,3.8,-3.19,0.0
A806,17/01/2020,09,20.2,20.4,20.1,59,60,58,11.8,12.0,11.7,1019.8,1019.8,1019.5,1.8,238,3.5,16.75,0.0
A806,17/01/2020,10,21.1,21.1,20.2,57,59,56,12.1,12.2,11.7,1020.7,1020.7,1019.8,1.6,230,3.5,258.4,0.0
A806,17/01/2020,11,22.7,22.8,21.1,52,57,49,12.3,12.9,11.5,1021.2,1021.2,1020.7,1.5,211,3.3,837.9,0.0
A806,17/01/2020,12,23.5,23.6,22.6,54,54,48,13.6,13.6,11.4,1021.6,1021.6,1021.2,2.1,182,4.3,1217.,0.0
A806,17/01/2020,13,24.9,24.9,23.3,48,56,46,13.2,14.0,11.8,1021.8,1021.9,1021.6,3.1,166,7.1,1959.,0.0
A806,17/01/2020,14,24.5,25.0,24.2,49,52,45,13.2,13.9,12.2,1021.8,1021.9,1021.8,4.3,151,8.3,2532.,0.0
A806,17/01/2020,15,24.7,25.1,24.2,49,52,46,13.3,14.0,12.0,1021.5,1021.9,1021.5,4.4,147,9.1,2287.,0.0
A806,17/01/2020,16,25.6,26.0,24.7,45,49,42,12.7,13.6,11.6,1021.2,1021.5,1021.2,3.5,142,8.3,2943.,0.0
A806,17/01/2020,17,25.1,26.1,25.1,43,46,39,11.5,13.0,10.4,1021.4,1021.4,1021.2,3.6,139,7.0,2162.,0.0
A806,17/01/2020,18,24.3,25.2,24.1,56,56,41,14.9,15.0,11.1,1021.4,1021.4,1021.3,2.8,162,6.5,1252.,0.0
A806,17/01/2020,19,24.3,24.4,23.8,55,57,52,14.6,14.9,13.8,1021.2,1021.4,1021.1,3.3,157,6.2,1261.,0.0
A806,17/01/2020,20,23.3,24.3,23.3,60,61,55,15.2,15.5,14.4,1020.8,1021.2,1020.8,3.1,157,6.8,970.4,0.0
A806,17/01/2020,21,22.8,23.4,22.8,61,63,60,14.9,15.6,14.8,1020.8,1020.8,1020.8,2.7,153,6.6,413.2,0.0
A806,17/01/2020,22,22.8,22.9,22.8,58,61,58,14.2,15.0,14.0,1021.2,1021.2,1020.8,2.9,153,6.4,131.9,0.0
A806,17/01/2020,23,22.7,22.8,22.6,60,61,57,14.4,14.8,14.0,1021.3,1021.3,1021.2,2.5,151,5.6,1.284,0.0
A806,18/01/2020,00,22.6,22.7,22.6,58,61,57,14.0,14.7,13.8,1021.5,1021.6,1021.2,2.4,158,5.0,-2.96,0.0
A806,18/01/2020,01,22.7,22.7,22.6,58,59,57,14.0,14.3,13.7,1022.1,1022.1,1021.5,1.7,166,5.3,-2.70,0.0
A806,18/01/2020,02,22.2,22.7,22.2,61,61,58,14.4,14.5,13.9,1022.3,1022.3,1022.1,0.9,228,3.6,-2.53,0.0
A806,18/01/2020,03,21.7,22.2,21.7,61,63,61,13.9,14.5,13.9,1021.9,1022.3,1021.9,1.3,280,2.2,-3.21,0.0
A806,18/01/2020,04,21.3,21.7,21.2,63,64,60,14.0,14.1,13.6,1021.4,1021.9,1021.4,1.4,274,2.6,-2.78,0.0
A806,18/01/2020,05,21.0,21.3,20.9,64,65,63,13.9,14.1,13.9,1020.8,1021.4,1020.8,1.5,281,2.9,-3.21,0.0
A806,18/01/2020,06,20.8,21.0,20.7,65,66,64,14.0,14.1,13.9,1020.4,1020.8,1020.4,1.6,287,3.6,-3.19,0.0
A806,18/01/2020,07,19.6,20.8,19.6,70,70,65,13.9,14.1,13.8,1020.3,1020.4,1020.3,0.5,286,3.6,-3.54,0.0
A806,18/01/2020,08,19.0,19.6,19.0,73,74,70,14.1,14.3,13.8,1020.4,1020.4,1020.2,0.7,287,2.0,-3.54,0.0
A806,18/01/2020,09,19.3,19.3,18.8,73,75,73,14.2,14.3,14.0,1020.8,1020.8,1020.4,0.8,319,2.3,5.557,0.0
A806,18/01/2020,10,20.2,20.2,19.3,70,73,70,14.5,14.6,14.1,1021.1,1021.1,1020.8,0.9,260,2.5,173.6,0.0
A806,18/01/2020,11,20.8,21.0,20.2,68,70,67,14.7,14.8,14.4,1021.4,1021.4,1021.1,1.1,285,2.8,332.2,0.0
A806,18/01/2020,12,23.3,23.4,20.5,62,72,62,15.5,16.3,14.7,1021.5,1021.6,1021.4,1.0,271,2.1,918.2,0.0
A806,18/01/2020,13,24.2,24.8,23.2,58,62,56,15.4,16.1,14.8,1021.5,1021.6,1021.4,2.0,139,3.6,2294.,0.0
A806,18/01/2020,14,25.9,26.0,24.2,54,60,54,16.0,17.0,15.5,1021.3,1021.5,1021.3,1.8,28,3.7,2531.,0.0
A806,18/01/2020,15,25.2,27.1,25.1,56,56,51,15.6,16.8,15.3,1020.9,1021.3,1020.9,2.2,11,5.4,2173.,0.0
A806,18/01/2020,16,25.6,26.4,25.2,54,57,52,15.5,16.9,15.5,1020.5,1020.9,1020.5,2.5,5,6.0,1742.,0.0
A806,18/01/2020,17,26.4,26.4,25.1,50,57,50,15.2,15.9,14.9,1020.0,1020.5,1020.0,2.6,31,6.9,1267.,0.0
A806,18/01/2020,18,26.3,26.8,25.5,51,55,50,15.4,16.1,14.8,1019.4,1020.0,1019.4,3.0,2,6.4,1952.,0.0
A806,18/01/2020,19,26.3,27.4,26.2,52,53,48,15.6,16.2,14.7,1018.9,1019.4,1018.9,2.6,38,7.3,2514.,0.0
A806,18/01/2020,20,25.5,26.5,25.4,55,56,51,15.9,16.1,15.2,1018.5,1018.9,1018.4,2.6,18,7.5,889.5,0.0
A806,18/01/2020,21,25.1,25.6,25.0,57,57,55,15.9,16.1,15.8,1018.3,1018.5,1018.3,2.7,8,7.3,376.7,0.0
A806,18/01/2020,22,24.7,25.2,24.7,60,60,57,16.3,16.3,15.9,1018.3,1018.4,1018.3,2.5,13,7.5,212.6,0.0
A806,18/01/2020,23,24.5,24.7,24.4,61,62,60,16.5,16.6,16.2,1018.6,1018.6,1018.3,1.7,26,6.4,4.842,0.0
A806,19/01/2020,00,24.4,24.5,24.3,62,62,60,16.6,16.6,16.3,1018.7,1018.7,1018.6,2.3,12,5.5,-3.52,0.0
A806,19/01/2020,01,23.3,24.5,23.3,67,67,61,16.8,16.9,16.4,1019.2,1019.2,1018.7,1.4,306,5.5,-3.26,0.0
A806,19/01/2020,02,23.2,23.3,23.2,68,68,67,16.9,17.1,16.8,1019.2,1019.2,1019.0,1.2,320,3.3,-3.32,0.0
A806,19/01/2020,03,23.2,23.3,23.1,68,69,68,17.1,17.1,16.9,1018.9,1019.3,1018.9,1.4,313,3.7,-3.40,0.0
A806,19/01/2020,04,23.1,23.3,23.0,68,69,68,16.9,17.1,16.9,1018.4,1018.9,1018.4,1.5,312,4.0,-3.03,0.0
A806,19/01/2020,05,22.6,23.2,22.6,70,70,68,16.8,16.9,16.8,1018.0,1018.4,1018.0,0.9,292,3.3,-3.13,0.0
A806,19/01/2020,06,21.9,22.6,21.6,72,74,70,16.7,16.9,16.5,1017.4,1018.0,1017.4,0.8,340,2.4,-3.48,0.0
A806,19/01/2020,07,21.7,21.9,21.3,75,76,72,17.1,17.2,16.7,1017.2,1017.4,1017.1,0.2,353,2.4,-3.27,0.0
A806,19/01/2020,08,21.7,21.8,21.5,76,77,75,17.3,17.3,17.1,1017.3,1017.3,1017.1,1.0,294,1.9,-1.33,0.0
A806,19/01/2020,09,21.5,22.4,21.5,77,77,73,17.3,17.4,17.1,1017.6,1017.6,1017.3,0.9,324,3.1,12.10,0.0
A806,19/01/2020,10,22.8,22.8,20.9,74,81,74,18.0,18.2,17.2,1018.1,1018.1,1017.6,1.2,335,2.9,346.8,0.0
A806,19/01/2020,11,24.2,24.2,22.9,67,74,67,17.7,18.1,17.3,1018.6,1018.6,1018.1,1.7,356,3.7,1068.,0.0
A806,19/01/2020,12,26.6,26.7,24.1,60,67,60,18.2,19.0,17.0,1018.4,1018.6,1018.4,1.4,337,4.4,1965.,0.0
A806,19/01/2020,13,26.4,26.7,25.6,60,61,58,18.1,18.1,16.9,1018.0,1018.4,1018.0,2.4,6,5.9,2666.,0.0
A806,19/01/2020,14,27.0,27.6,26.3,57,61,55,17.9,18.7,17.4,1018.1,1018.2,1018.0,2.8,15,5.9,2547.,0.0
A806,19/01/2020,15,28.6,28.8,26.5,53,59,52,18.2,18.8,17.1,1017.3,1018.1,1017.3,3.2,6,7.5,3855.,0.0
A806,19/01/2020,16,28.4,28.8,27.7,51,56,51,17.4,18.4,17.4,1016.8,1017.3,1016.8,4.0,36,9.9,3718.,0.0
A806,19/01/2020,17,28.1,29.2,28.0,54,55,50,18.0,18.4,17.3,1016.4,1016.9,1016.4,4.1,43,10.2,3680.,0.0
A806,19/01/2020,18,28.4,28.6,27.7,55,57,53,18.5,18.9,17.9,1015.8,1016.4,1015.8,2.9,20,10.2,3296.,0.0
A806,19/01/2020,19,27.5,28.8,27.2,60,60,53,18.9,19.2,17.9,1015.5,1015.8,1015.5,3.1,9,11.5,2708.,0.0
A806,19/01/2020,20,27.1,28.1,26.9,61,62,57,19.0,19.2,18.1,1015.3,1015.5,1015.2,2.8,15,7.2,1767.,0.0
A806,19/01/2020,21,25.7,27.1,25.7,67,67,61,19.0,19.4,18.8,1015.3,1015.3,1015.2,2.8,9,7.8,994.2,0.0
A806,19/01/2020,22,25.2,25.7,25.1,69,69,67,19.0,19.3,18.8,1015.5,1015.5,1015.3,2.8,10,8.5,194.3,0.0
A806,19/01/2020,23,24.9,25.2,24.9,70,71,69,19.1,19.4,18.9,1015.7,1015.7,1015.5,2.8,19,7.8,6.131,0.0
A806,20/01/2020,00,24.6,24.9,24.6,74,74,70,19.7,19.8,19.0,1015.9,1015.9,1015.7,2.7,23,6.6,-3.29,0.0
A806,20/01/2020,01,24.5,24.6,24.2,74,75,74,19.6,19.8,19.4,1016.2,1016.3,1015.9,2.3,8,7.5,-3.17,0.0
A806,20/01/2020,02,24.4,24.5,24.4,75,75,73,19.6,19.8,19.3,1016.3,1016.5,1016.2,2.5,357,7.1,-3.50,0.0
A806,20/01/2020,03,24.4,24.5,24.2,73,75,73,19.4,19.7,19.3,1016.2,1016.4,1016.1,2.1,345,5.6,-3.44,0.0
A806,20/01/2020,04,23.5,24.5,23.5,78,78,73,19.4,19.4,19.1,1015.2,1016.2,1015.2,1.1,324,4.2,-3.40,0.0
A806,20/01/2020,05,22.8,23.6,22.7,80,80,78,19.1,19.4,19.0,1014.5,1015.2,1014.5,1.3,313,3.2,-3.53,0.0
A806,20/01/2020,06,23.4,23.4,22.7,77,80,77,19.1,19.2,19.0,1014.4,1014.5,1014.3,1.0,326,3.1,-3.11,0.0
A806,20/01/2020,07,22.8,23.4,22.8,78,79,76,18.9,19.1,18.8,1014.2,1014.4,1014.2,1.1,300,3.1,-3.40,0.0
A806,20/01/2020,08,21.5,22.8,21.4,84,84,78,18.6,19.0,18.5,1014.5,1014.5,1014.2,0.1,324,2.1,-3.54,0.0
A806,20/01/2020,09,22.2,22.2,21.5,83,85,83,19.2,19.3,18.7,1014.8,1014.8,1014.5,0.3,309,1.3,9.491,0.0
A806,20/01/2020,10,24.1,24.1,22.2,77,83,77,19.7,19.8,19.2,1014.9,1014.9,1014.8,0.7,312,2.3,185.7,0.0
A806,20/01/2020,11,25.4,25.4,24.0,70,77,70,19.5,19.8,19.2,1015.4,1015.4,1015.0,1.0,295,2.5,672.5,0.0
A806,20/01/2020,12,26.8,26.8,25.4,64,70,63,19.5,19.7,18.6,1015.0,1015.5,1015.0,2.0,331,3.7,1191.,0.0
A806,20/01/2020,13,27.9,28.5,26.5,58,64,57,19.0,19.6,18.3,1014.9,1015.0,1014.8,2.1,40,5.1,1871.,0.0
A806,20/01/2020,14,28.0,28.7,27.1,60,62,57,19.5,19.7,18.6,1014.4,1014.9,1014.4,2.4,12,5.7,2088.,0.0
A806,20/01/2020,15,29.5,30.5,27.9,52,60,51,18.7,20.0,18.6,1013.8,1014.4,1013.8,2.3,10,6.9,3552.,0.0
A806,20/01/2020,16,30.0,30.5,28.9,53,56,52,19.2,19.7,18.5,1012.9,1013.8,1012.9,3.9,45,7.6,3781.,0.0
A806,20/01/2020,17,29.9,30.1,29.0,51,56,51,18.9,20.1,18.4,1012.2,1012.9,1012.2,4.1,38,10.2,3585.,0.0
A806,20/01/2020,18,29.1,30.5,29.0,57,58,50,19.7,20.0,18.3,1011.4,1012.2,1011.4,4.3,30,9.8,3234.,0.0
A806,20/01/2020,19,28.7,29.5,28.2,58,60,55,19.7,20.5,19.3,1011.1,1011.5,1011.0,3.5,24,10.0,2652.,0.0
A806,20/01/2020,20,27.6,28.8,27.5,65,65,56,20.4,20.4,19.0,1011.0,1011.1,1010.8,3.5,9,9.5,1908.,0.0
A806,20/01/2020,21,26.9,28.0,26.8,68,68,64,20.5,20.8,20.2,1011.2,1011.2,1010.9,3.8,36,8.0,935.3,0.0
A806,20/01/2020,22,26.1,27.0,26.1,71,72,68,20.5,20.8,20.3,1011.7,1011.8,1011.2,2.1,18,9.9,154.1,0.0
A806,20/01/2020,23,25.8,26.1,25.7,72,72,70,20.2,20.5,20.1,1012.3,1012.3,1011.7,2.3,23,7.5,0.997,0.0
A806,21/01/2020,00,25.6,25.8,25.6,70,72,69,19.6,20.3,19.6,1012.6,1012.7,1012.3,2.0,15,7.6,-3.04,0.0
A806,21/01/2020,01,25.5,25.6,25.5,72,72,69,20.0,20.0,19.5,1012.7,1012.8,1012.6,2.3,25,7.3,-3.46,0.0
A806,21/01/2020,02,25.5,25.5,25.4,70,72,70,19.6,20.2,19.6,1013.0,1013.1,1012.7,2.5,12,7.2,-2.94,0.0
A806,21/01/2020,03,25.3,25.5,25.3,71,71,70,19.6,19.7,19.4,1012.2,1013.0,1012.2,1.9,23,8.2,-3.16,0.0
A806,21/01/2020,04,25.1,25.3,25.1,70,71,70,19.2,19.5,19.2,1011.7,1012.2,1011.7,2.3,27,7.3,-2.38,0.0
A806,21/01/2020,05,24.9,25.1,24.8,69,70,69,18.9,19.2,18.8,1011.0,1011.7,1011.0,1.8,27,7.0,-3.52,0.0
A806,21/01/2020,06,24.8,24.9,24.7,69,69,68,18.7,18.9,18.4,1010.8,1011.1,1010.8,1.9,10,6.3,-3.44,0.0
A806,21/01/2020,07,24.8,24.9,24.8,69,70,68,18.7,18.9,18.5,1010.6,1010.8,1010.5,1.8,10,6.5,-3.02,0.0
A806,21/01/2020,08,24.6,24.8,24.6,70,71,68,18.9,19.0,18.4,1010.6,1010.7,1010.6,2.1,9,7.0,-2.79,0.0
A806,21/01/2020,09,24.3,24.7,24.1,72,73,70,19.1,19.1,18.8,1011.0,1011.0,1010.6,1.4,328,5.1,2.016,0.0
A806,21/01/2020,10,24.7,24.7,24.0,71,75,71,19.2,19.4,19.1,1011.5,1011.5,1010.8,1.7,333,5.1,181.1,0.0
A806,21/01/2020,11,25.2,25.3,24.6,69,71,68,19.0,19.2,18.7,1011.5,1011.7,1011.5,1.9,336,5.8,445.1,0.0
A806,21/01/2020,12,26.4,26.7,25.1,62,69,61,18.5,19.2,18.2,1011.5,1012.1,1011.5,2.1,10,5.7,1234.,0.0
A806,21/01/2020,13,27.0,27.5,26.0,58,63,57,18.1,18.8,17.9,1011.5,1011.7,1011.4,3.5,356,6.8,2684.,0.0
A806,21/01/2020,14,27.7,28.9,27.0,57,59,53,18.5,19.1,17.8,1011.5,1011.7,1011.3,3.1,25,7.1,2819.,0.0
A806,21/01/2020,15,28.0,28.9,26.7,54,57,52,17.9,18.6,17.1,1011.0,1011.5,1010.9,3.3,360,8.7,3298.,0.0
A806,21/01/2020,16,28.3,29.6,27.8,53,55,49,17.7,18.5,17.3,1011.0,1011.2,1010.8,3.4,16,8.5,3732.,0.0
A806,21/01/2020,17,28.7,29.3,27.9,52,54,50,17.9,18.2,17.3,1010.3,1011.0,1010.3,3.2,7,8.0,3569.,0.0
A806,21/01/2020,18,28.7,29.2,27.7,52,55,50,17.7,18.2,17.2,1010.1,1010.3,1009.9,3.1,15,8.6,3332.,0.0
A806,21/01/2020,19,27.8,28.8,27.5,54,55,52,17.7,18.3,17.2,1010.3,1010.3,1010.0,3.6,7,9.1,2956.,0.0
A806,21/01/2020,20,26.5,28.6,26.3,58,58,53,17.5,18.3,17.3,1010.3,1010.5,1010.3,2.7,5,8.3,1157.,0.0
A806,21/01/2020,21,26.2,26.8,26.2,53,59,53,15.8,17.9,15.7,1010.5,1010.5,1010.3,2.5,23,6.3,286.6,0.0
A806,21/01/2020,22,25.8,26.2,25.8,53,55,53,15.6,16.3,15.6,1011.3,1011.3,1010.5,2.1,31,6.1,76.76,0.0
A806,21/01/2020,23,25.5,25.8,25.5,57,57,53,16.2,16.2,15.4,1011.2,1011.4,1011.2,1.8,25,5.5,0.143,0.0
A806,22/01/2020,00,25.3,25.5,25.3,59,59,57,16.7,16.7,16.3,1011.8,1011.8,1011.2,1.7,37,5.0,-2.88,0.0
A806,22/01/2020,01,25.2,25.4,25.2,59,59,58,16.6,16.8,16.5,1012.3,1012.3,1011.8,1.9,86,4.1,-3.31,0.0
A806,22/01/2020,02,24.5,25.2,24.5,64,64,59,17.2,17.2,16.5,1012.3,1012.5,1012.3,0.3,127,3.6,-3.44,0.0
A806,22/01/2020,03,24.1,24.5,23.8,69,69,64,18.1,18.1,17.2,1011.5,1012.3,1011.4,0.4,8,1.8,-3.46,0.0
A806,22/01/2020,04,23.4,24.7,23.4,72,72,66,18.0,18.2,17.9,1010.9,1011.5,1010.9,1.7,267,3.0,-3.44,0.0
A806,22/01/2020,05,22.8,23.4,22.8,82,82,72,19.5,19.6,18.0,1010.4,1010.9,1010.3,0.6,311,3.0,-2.76,0.2
A806,22/01/2020,06,22.2,22.9,22.2,85,85,82,19.6,19.7,19.3,1010.1,1010.4,1010.0,0.6,285,2.7,-2.69,0.0
A806,22/01/2020,07,22.4,22.7,22.1,84,86,84,19.6,20.0,19.6,1010.1,1010.2,1009.9,1.1,264,2.1,-3.36,0.0
A806,22/01/2020,08,21.9,22.4,21.9,87,87,84,19.6,19.7,19.3,1010.5,1010.6,1010.1,1.7,276,3.2,-3.27,0.0
A806,22/01/2020,09,21.7,22.1,21.7,88,88,86,19.7,19.8,19.5,1010.9,1010.9,1010.5,1.3,269,4.3,0.057,1.0
A806,22/01/2020,10,21.8,22.0,21.5,88,89,88,19.7,20.0,19.6,1011.2,1011.2,1010.9,0.8,330,2.8,52.18,0.2
A806,22/01/2020,11,22.2,22.2,21.8,87,88,87,20.0,20.1,19.7,1012.0,1012.1,1011.2,1.3,285,3.5,199.3,0.0
A806,22/01/2020,12,23.1,23.3,22.1,83,87,82,20.0,20.4,19.9,1012.0,1012.3,1011.9,0.0,267,3.2,354.7,0.0
A806,22/01/2020,13,23.3,23.5,22.9,83,84,82,20.2,20.5,19.9,1012.5,1012.5,1012.0,1.9,258,3.5,371.4,0.0
A806,22/01/2020,14,23.4,23.7,23.2,81,83,81,20.0,20.4,19.8,1012.9,1012.9,1012.5,2.2,282,4.1,544.9,0.0
A806,22/01/2020,15,24.6,24.9,23.3,76,81,76,20.0,20.8,19.8,1012.6,1012.9,1012.5,1.8,289,4.5,1085.,0.0
A806,22/01/2020,16,24.9,25.2,24.6,73,76,71,19.8,20.2,19.3,1012.2,1012.7,1012.2,0.8,161,3.7,711.1,0.2
A806,22/01/2020,17,25.0,25.5,24.7,73,74,72,19.8,20.6,19.5,1012.2,1012.3,1012.1,1.1,169,2.4,826.2,0.0
A806,22/01/2020,18,22.3,25.0,22.2,73,76,73,17.3,20.0,17.2,1012.5,1012.5,1012.1,2.4,77,8.4,288.3,0.2
A806,22/01/2020,19,21.8,22.5,21.3,84,85,73,18.9,19.2,17.4,1012.9,1013.0,1012.5,1.0,337,5.1,404.0,2.4
A806,22/01/2020,20,21.0,21.9,20.8,88,88,83,18.9,19.0,18.4,1012.5,1012.9,1012.5,2.1,275,4.1,436.1,0.2
A806,22/01/2020,21,21.1,21.4,20.6,87,88,86,18.8,19.0,18.5,1012.6,1012.6,1012.3,1.3,283,3.9,362.5,0.2
A806,22/01/2020,22,21.0,21.3,20.9,88,88,87,18.8,19.0,18.7,1012.6,1012.6,1012.4,0.8,277,2.7,102.4,0.0
A806,22/01/2020,23,21.0,21.1,20.8,86,88,85,18.5,18.9,18.4,1012.8,1012.8,1012.4,0.9,192,3.9,2.125,0.0
A806,23/01/2020,00,20.5,21.3,20.5,87,87,84,18.2,18.6,17.9,1013.2,1013.3,1012.8,0.7,271,3.6,-2.31,0.8
A806,23/01/2020,01,20.5,20.7,20.1,87,88,87,18.3,18.5,17.9,1013.4,1013.5,1013.1,1.2,244,4.0,-2.95,0.0
A806,23/01/2020,02,20.6,20.8,20.5,87,88,87,18.4,18.6,18.3,1013.0,1013.4,1013.0,0.8,277,3.0,-3.16,0.0
A806,23/01/2020,03,20.4,20.6,20.3,87,88,87,18.3,18.5,18.2,1012.6,1013.0,1012.6,1.4,232,2.6,-3.41,0.0
A806,23/01/2020,04,20.5,20.5,20.3,87,88,87,18.2,18.3,18.1,1012.0,1012.6,1012.0,1.2,237,2.7,-2.11,0.0
A806,23/01/2020,05,20.9,21.3,20.5,89,90,86,19.1,19.4,18.1,1011.6,1012.1,1011.6,1.7,166,5.1,-2.01,7.2
A806,23/01/2020,06,20.1,20.9,20.0,91,91,89,18.5,19.0,18.5,1010.7,1011.6,1010.7,1.2,259,3.3,-2.29,0.2
A806,23/01/2020,07,20.1,20.2,20.0,91,91,91,18.6,18.7,18.5,1010.3,1010.7,1010.3,1.1,280,3.4,-1.43,0.0
A806,23/01/2020,08,20.3,20.5,20.1,90,91,90,18.6,18.8,18.5,1010.9,1010.9,1010.3,0.4,140,2.7,-0.36,1.0
A806,23/01/2020,09,20.3,20.4,19.9,91,91,90,18.8,19.0,18.3,1011.2,1011.2,1010.9,2.6,215,5.6,2.208,14.6
A806,23/01/2020,10,20.1,20.3,20.0,91,91,91,18.6,18.8,18.5,1011.8,1011.8,1011.2,2.2,213,5.6,124.8,0.2
A806,23/01/2020,11,20.5,20.5,20.0,91,91,91,18.9,19.0,18.5,1012.2,1012.2,1011.8,2.4,211,4.8,506.9,0.6
A806,23/01/2020,12,21.6,21.6,20.4,88,91,88,19.5,19.6,18.8,1012.3,1012.3,1012.2,1.8,199,4.4,672.0,0.0
A806,23/01/2020,13,22.2,22.3,21.3,83,88,83,19.1,19.6,19.1,1012.4,1012.6,1012.3,3.0,164,7.5,531.7,0.0
A806,23/01/2020,14,22.5,22.8,22.1,84,84,80,19.6,19.6,18.8,1012.2,1012.5,1012.2,3.1,150,7.4,870.2,0.0
A806,23/01/2020,15,22.5,23.8,22.3,83,84,78,19.4,20.6,19.2,1011.9,1012.2,1011.9,3.3,132,6.9,1829.,0.4
A806,23/01/2020,16,21.3,22.7,21.0,90,90,83,19.6,19.9,19.0,1012.1,1012.1,1011.9,2.9,112,6.7,961.9,3.4
A806,23/01/2020,17,21.0,21.4,20.5,89,91,89,19.1,19.7,18.7,1012.0,1012.1,1012.0,6.3,132,8.8,804.2,3.0
A806,23/01/2020,18,22.2,22.6,21.0,84,89,84,19.5,20.3,18.8,1011.1,1012.0,1011.1,2.0,179,8.6,1589.,0.0
A806,23/01/2020,19,22.0,22.8,21.7,89,89,80,20.0,20.1,19.1,1010.6,1011.1,1010.6,2.0,177,6.9,1043.,1.6
A806,23/01/2020,20,23.6,23.8,21.7,76,89,76,19.2,20.4,18.8,1010.3,1010.7,1010.3,4.4,155,10.2,1023.,0.0
A806,23/01/2020,21,22.6,23.7,22.0,84,85,76,19.8,20.0,18.5,1010.3,1010.4,1010.1,3.3,168,11.3,806.1,0.2
A806,23/01/2020,22,23.2,23.2,22.2,82,84,80,20.0,20.0,18.6,1010.5,1010.5,1010.2,3.9,160,8.1,198.2,0.2
A806,23/01/2020,23,22.8,23.2,22.7,81,82,80,19.4,19.9,19.2,1010.8,1010.9,1010.5,3.3,178,8.1,9.556,0.0
A806,24/01/2020,00,22.3,23.2,22.2,82,82,80,19.1,19.7,19.0,1011.3,1011.3,1010.7,4.8,166,10.6,-2.48,0.4
A806,24/01/2020,01,21.8,22.4,20.4,83,88,82,18.8,19.5,17.9,1011.4,1011.5,1011.2,3.4,173,10.6,-1.78,1.8
A806,24/01/2020,02,21.9,22.1,21.5,85,86,80,19.3,19.6,17.8,1011.3,1011.5,1011.2,3.6,166,9.2,-3.44,1.4
A806,24/01/2020,03,22.3,22.3,21.6,82,86,82,19.1,19.5,18.8,1010.8,1011.3,1010.8,3.5,161,10.0,-1.84,0.4
A806,24/01/2020,04,19.9,22.5,19.8,89,89,81,18.1,19.4,18.0,1010.9,1011.0,1010.4,4.1,103,10.3,-0.50,6.4
A806,24/01/2020,05,21.2,21.4,19.8,85,90,85,18.6,19.2,18.0,1010.1,1010.9,1010.1,2.9,143,7.7,-0.46,0.8
A806,24/01/2020,06,20.3,21.6,20.3,88,88,84,18.2,19.0,18.2,1009.2,1010.1,1009.2,1.2,269,6.9,0.136,0.2
A806,24/01/2020,07,20.3,20.3,19.8,85,89,85,17.7,18.3,17.5,1009.2,1009.2,1008.9,1.2,187,3.6,-1.63,0.0
A806,24/01/2020,08,20.2,20.3,19.7,89,90,85,18.4,18.4,17.6,1008.6,1009.3,1008.6,0.8,202,4.8,-2.33,0.0
A806,24/01/2020,09,19.6,21.0,19.5,89,89,86,17.7,18.9,17.5,1009.3,1009.3,1008.5,0.3,275,4.8,5.076,0.0
A806,24/01/2020,10,20.7,20.8,19.5,86,89,86,18.3,18.7,17.6,1009.8,1009.8,1009.3,2.6,177,7.4,101.0,0.0
A806,24/01/2020,11,21.6,21.6,20.6,84,86,83,18.7,18.8,18.1,1010.2,1010.2,1009.8,1.6,223,7.4,380.3,0.0
A806,24/01/2020,12,22.9,23.1,21.6,80,84,79,19.2,19.5,18.6,1010.4,1010.4,1010.2,1.8,169,6.1,917.3,0.0