 1016.0      5   24.0   17.0     65  12.14     30      1  295.8  331.0  298.0
 1000.0    145   22.8   16.8     69  12.18     20      9  295.9  331.2  298.1
  947.0    618   18.4   15.2     82  11.60     17     12  296.1  329.8  298.2
  925.0    820   17.4   11.4     68   9.23     15     13  297.1  324.2  298.8
  914.9    914   17.0   10.2     65   8.63      5     10  297.6  323.0  299.1
  911.0    950   16.8    9.8     63   8.41    356      9  297.8  322.6  299.3
  851.3   1524   12.3   12.1     98  10.49    220      1  298.9  329.7  300.8
  850.0   1537   12.2   12.1     99  10.54    305      3  298.9  329.9  300.8
  844.0   1597   13.4    9.4     77   8.84    298      3  300.8  327.1  302.4
  827.0   1768   12.6    7.6     72   7.98    278      5  301.7  325.6  303.1
  821.0   1829   12.0    9.0     82   8.85    271      5  301.7  328.1  303.3
  810.0   1942   12.4    0.4     44   4.89    258      6  303.3  318.4  304.2
  799.0   2057   11.2    4.2     62   6.51    244      6  303.2  323.0  304.4
  791.7   2134   11.5   -4.9     31   3.38    235      7  304.3  314.9  304.9
  778.0   2279   12.0  -22.0      8   0.85    261      5  306.4  309.3  306.5
  763.3   2438   11.3  -23.2      7   0.78    290      2  307.2  309.9  307.4
  746.0   2629   10.4  -24.6      7   0.70    256      2  308.3  310.8  308.4
  700.0   3155    7.2  -26.8      7   0.61    160      2  310.4  312.6  310.5
  620.0   4142    1.6  -28.4      9   0.60    156      6  315.0  317.1  315.1
  610.4   4267    1.1  -29.3      8   0.56    155      7  315.8  317.9  315.9
  587.6   4572    0.0  -31.4      7   0.48    170     11  318.0  319.8  318.1
  551.0   5086   -1.9  -34.9      6   0.36    178     13  321.6  323.0  321.7
  544.3   5182   -2.6  -34.9      6   0.36    180     13  321.9  323.3  322.0
  523.7   5486   -4.8  -34.9      7   0.38    145     11  322.8  324.3  322.9
  505.0   5772   -6.9  -34.9      9   0.39    145     17  323.6  325.1  323.7
  500.0   5850   -7.3  -36.3      8   0.35    145     19  324.1  325.4  324.1
  484.4   6096   -8.2  -39.1      6   0.27    150     23  325.9  326.9  325.9
  465.6   6401   -9.4  -42.6      5   0.19    170     31  328.1  328.9  328.1
  452.0   6631  -10.3  -45.3      4   0.15    173     28  329.8  330.4  329.8
  444.0   6768  -10.7  -36.7     10   0.37    175     27  331.0  332.4  331.1
  400.0   7560  -17.5  -38.5     14   0.35    185     18  332.2  333.5  332.2
  380.7   7925  -20.5  -38.7     18   0.36    185     15  332.9  334.4  333.0
  365.3   8230  -23.0  -38.8     22   0.37    190     15  333.6  335.0  333.6
  354.0   8463  -24.9  -38.9     26   0.37    194     18  334.0  335.5  334.1
  350.5   8534  -25.3  -40.3     23   0.33    195     19  334.4  335.7  334.4
  336.0   8839  -27.1  -46.5     14   0.18    175     28  336.0  336.7  336.0
  315.0   9304  -29.9  -55.9      6   0.06    178     35  338.4  338.6  338.4
  300.0   9650  -33.1  -56.1      8   0.06    180     40  338.6  338.9  338.6
  270.4  10363  -39.1  -58.1     12   0.06    185     46  340.0  340.3  340.0
  250.0  10900  -43.7  -59.7     15   0.05    200     45  341.0  341.2  341.0
  247.2  10973  -44.4  -59.8     16   0.05    200     45  341.0  341.3  341.1
  225.3  11582  -50.0  -60.6     27   0.05    185     42  341.6  341.8  341.6
  214.0  11918  -53.1  -61.1     37   0.05    188     40  341.9  342.1  341.9
  205.0  12192  -54.5  -63.8     31   0.04    190     38  343.9  344.0  343.9
  200.0  12350  -55.3  -65.3     28   0.03    215     38  345.0  345.2  345.0
  193.0  12577  -56.9  -66.9     27   0.02    223     42  346.0  346.1  346.0
  190.0  12676  -56.5  -69.5     18   0.02    226     43  348.2  348.3  348.2
  187.0  12777  -56.9  -63.9     41   0.04    229     45  349.1  349.3  349.1
  186.3  12802  -56.9  -64.9     36   0.03    230     45  349.5  349.6  349.5
  177.0  13125  -57.3  -78.3      5   0.00    230     49  354.0  354.0  354.0
  161.0  13716  -60.0  -79.9      6   0.00    230     56  359.1  359.1  359.1
  150.0  14160  -62.1  -81.1      6   0.00    230     41  362.9  362.9  362.9
  146.0  14326  -62.0  -82.1      5   0.00    245     44  365.9  365.9  365.9
  143.0  14456  -61.9  -82.9      5   0.00    234     36  368.2  368.2  368.2
  139.0  14630  -63.3  -83.3      5   0.00    220     26  368.8  368.8  368.8
  132.2  14935  -65.7  -84.1      6   0.00    250     25  369.8  369.8  369.8
  127.0  15180  -67.7  -84.7      7   0.00    260     27  370.5  370.5  370.5
  121.0  15472  -65.5  -86.5      4   0.00    260     29  379.7  379.7  379.7
  119.5  15545  -65.8  -86.6      4   0.00    260     29  380.5  380.5  380.5
  113.7  15850  -66.9  -86.8      4   0.00    250     21  383.9  383.9  383.9
  108.0  16154  -68.0  -87.1      5   0.00    250     25  387.4  387.4  387.4
  101.0  16561  -69.5  -87.5      6   0.00    202     25  392.1  392.1  392.1
  100.0  16620  -69.5  -87.5      6   0.00    195     25  393.2  393.2  393.2
   97.6  16764  -70.1  -87.7      6   0.00    195     25  394.8  394.8  394.8
   94.5  16955  -70.9  -87.9      7   0.00    160      7  396.9  396.9  396.9
   92.7  17069  -70.7  -88.0      6   0.00    165     12  399.5  399.5  399.5
   88.1  17374  -70.1  -88.3      5   0.00     70      1  406.5  406.6  406.5
   83.7  17678  -69.5  -88.7      5   0.00    260     10  413.7  413.7  413.7
   79.5  17983  -68.9  -89.0      4   0.00    220     11  421.1  421.1  421.1
   75.5  18288  -68.3  -89.3      4   0.00    285     10  428.5  428.5  428.5
   75.4  18297  -68.3  -89.3      4   0.00    284     10  428.7  428.8  428.7
   70.0  18740  -69.5  -89.5      4   0.00    240      6  435.4  435.4  435.4
   68.2  18898  -70.1  -89.8      4   0.00    210     10  437.3  437.3  437.3
   64.8  19202  -71.4  -90.4      4   0.00    280     11  441.1  441.1  441.1
   64.4  19236  -71.5  -90.5      4   0.00    276     12  441.5  441.5  441.5
   61.5  19507  -69.9  -90.3      4   0.00    240     17  450.8  450.8  450.8
   58.5  19812  -68.1  -90.1      3   0.00    205     10  461.4  461.4  461.4
   56.5  20019  -66.9  -89.9      3   0.00    195      8  468.8  468.8  468.8
   53.1  20393  -67.7  -89.7      3   0.00    176      4  475.3  475.3  475.3
   50.3  20726  -63.5  -89.2      2   0.00    160      1  492.6  492.6  492.6
   50.0  20760  -63.1  -89.1      2   0.00    115     18  494.4  494.4  494.4
   49.6  20809  -62.5  -88.5      2   0.00    115     18  496.9  496.9  496.9
   47.9  21031  -62.3  -88.5      2   0.00    115     18  502.5  502.5  502.5
   43.4  21641  -61.8  -88.7      2   0.00    110     17  518.2  518.2  518.2
   42.8  21720  -61.7  -88.7      2   0.00    105     18  520.3  520.3  520.3
   39.3  22250  -62.1  -88.1      2   0.00     75     26  532.2  532.2  532.2
   39.3  22247  -62.1  -88.1      2   0.00     75     26  532.1  532.1  532.1
   37.4  22555  -60.9  -87.7      2   0.00     75     30  542.6  542.6  542.6
   35.6  22860  -59.8  -87.2      2   0.01     75     15  553.2  553.2  553.2
   34.0  23165  -58.6  -86.8      2   0.01     80     15  563.9  564.0  563.9
   32.3  23470  -57.5  -86.4      1   0.01    105     15  574.9  575.0  574.9
   30.8  23774  -56.3  -85.9      1   0.01    125     15  586.0  586.1  586.0
   30.0  23940  -55.7  -85.7      1   0.01     95     23  592.2  592.3  592.2
   28.2  24338  -52.1  -84.1      1   0.01     91     24  612.7  612.9  612.7
   28.0  24384  -52.2  -84.1      1   0.01     90     24  613.7  613.9  613.8
   26.7  24689  -52.8  -84.2      1   0.01    105     28  620.4  620.5  620.4
   24.3  25298  -54.0  -84.3      1   0.01    120     29  633.8  633.9  633.8
   23.8  25431  -54.3  -84.3      1   0.01    109     30  636.8  636.9  636.8
   23.2  25603  -54.2  -84.4      1   0.01     95     31  642.0  642.1  642.0
   21.3  26143  -53.9  -84.9      1   0.01     95     30  658.5  658.6  658.5
   20.0  26550  -51.7  -83.7      1   0.02     95     30  677.2  677.4  677.2
   19.2  26822  -50.6  -83.2      1   0.02     85     34  688.7  689.0  688.8